workspaces/SMF_Calibration_pytRIBS/smf_init_data/InitGW_95pct_mm.asc
ncols        58
nrows        57
xllcorner    393099.188403459499
yllcorner    3685240.524853823707
cellsize     100.000000000000
NODATA_value  -3.4028234663852885981e+38
[rows 24 to 47 of 57, columns 0 to 54 of 58]
-3.4028234663852885981e+38 -3.4028234663852885981e+38 -3.4028234663852885981e+38 1368 1472.5 1434.5 1434.5 1244.5 1178 1168.5 1235 1235 1197 1206.5 1168.5 1140 1092.5 1140 1140 1178 1187.5 1178 1178 1168.5 1102 1149.5 1206.5 1197 1216 1216 1282.5 1282.5 1254 1273 1263.5 1301.5 1387 1444 1710 1786 1824 1833.5 1710 1558 1387 1339.5 1358.5 1244.5 1168.5 1130.5 1140 1121 1102 1102 -3.4028234663852885981e+38
-3.4028234663852885981e+38 -3.4028234663852885981e+38 -3.4028234663852885981e+38 1472.5 1377.5 1206.5 1225.5 1273 1216 1178 1235 1178 1140 1197 1178 1130.5 1102 1140 1159 1149.5 1130.5 1130.5 1140 1159 1102 1121 1178 1206.5 1244.5 1292 1311 1292 1330 1339.5 1377.5 1425 1482 1662.5 1852.5 1824 1719.5 1567.5 1349 1225.5 1168.5 1206.5 1263.5 1111.5 1026 1026 1016.50006103515625 1016.50006103515625 997.49993896484375 987.99993896484375 -3.4028234663852885981e+38
-3.4028234663852885981e+38 -3.4028234663852885981e+38 -3.4028234663852885981e+38 1368 1244.5 1187.5 1197 1168.5 1197 1206.5 1225.5 1159 1149.5 1197 1187.5 1159 1140 1140 1111.5 1140 1111.5 1102 1111.5 1140 1149.5 1159 1178 1178 1225.5 1311 1415.5 1501 1539 1539 1548.5 1624.5 1681.5 1710 1757.5 1548.5 1358.5 1225.5 1111.5 1064 1102 1073.5 1064 1073.5 959.5 1016.50006103515625 978.5 987.99993896484375 997.49993896484375 987.99993896484375 -3.4028234663852885981e+38
-3.4028234663852885981e+38 -3.4028234663852885981e+38 -3.4028234663852885981e+38 1254 1187.5 1168.5 1149.5 1149.5 1168.5 1187.5 1178 1178 1178 1178 1197 1187.5 1130.5 1111.5 1121 1159 1140 1111.5 1111.5 1140 1187.5 1216 1206.5 1197 1225.5 1311 1482 1586.5 1700.5 1719.5 1738.5 1653 1615 1558 1425 1254 1102 1102 1064 1102 1016.50006103515625 1006.99993896484375 987.99993896484375 1073.5 1026 1016.50006103515625 969 959.5 1006.99993896484375 1026 -3.4028234663852885981e+38
-3.4028234663852885981e+38 -3.4028234663852885981e+38 -3.4028234663852885981e+38 1206.5 1197 1187.5 1159 1159 1159 1149.5 1149.5 1178 1235 1235 1206.5 1149.5 1130.5 1168.5 1178 1178 1187.5 1178 1168.5 1178 1225.5 1216 1254 1254 1311 1377.5 1491.5 1596 1833.5 1843 1681.5 1472.5 1330 1301.5 1197 1130.5 1073.5 1140 1121 1083 1073.5 1045 1026 1035.5 1083 1073.5 1054.5 1006.99993896484375 1045 1140 -3.4028234663852885981e+38
-3.4028234663852885981e+38 -3.4028234663852885981e+38 -3.4028234663852885981e+38 -3.4028234663852885981e+38 1178 1149.5 1130.5 1140 1140 1140 1187.5 1244.5 1187.5 1168.5 1168.5 1159 1187.5 1168.5 1140 1216 1235 1244.5 1225.5 1273 1244.5 1225.5 1273 1320.5 1444 1463 1586.5 1681.5 1691 1548.5 1349 1244.5 1187.5 1130.5 1092.5 1064 1083 1121 1083 1083 1102 1073.5 1054.5 1035.5 1064 1045 1064 1092.5 1102 1140 -3.4028234663852885981e+38
-3.4028234663852885981e+38 -3.4028234663852885981e+38 -3.4028234663852885981e+38 -3.4028234663852885981e+38 1149.5 1121 1121 1168.5 1168.5 1159 1149.5 1178 1149.5 1140 1159 1187.5 1216 1225.5 1216 1244.5 1263.5 1311 1273 1330 1320.5 1358.5 1368 1406 1529.5 1567.5 1729 1605.5 1472.5 1320.5 1225.5 1168.5 1149.5 1092.5 1092.5 1092.5 1073.5 1064 1073.5 1111.5 1121 1073.5 1064 1054.5 1045 1026 1045 1092.5 1054.5 1073.5 1092.5
-3.4028234663852885981e+38 -3.4028234663852885981e+38 -3.4028234663852885981e+38 -3.4028234663852885981e+38 1140 1140 1168.5 1206.5 1149.5 1140 1121 1140 1178 1130.5 1187.5 1225.5 1244.5 1292 1282.5 1320.5 1301.5 1358.5 1368 1377.5 1387 1444 1510.5 1615 1719.5 1624.5 1510.5 1425 1244.5 1187.5 1178 1121 1092.5 1102 1102 1092.5 1073.5 1054.5 1064 1073.5 1073.5 1092.5 1121 1121 1092.5 1130.5 1130.5 1111.5 1035.5 1083 1092.5
-3.4028234663852885981e+38 -3.4028234663852885981e+38 -3.4028234663852885981e+38 -3.4028234663852885981e+38 1168.5 1149.5 1159 1168.5 1159 1149.5 1187.5 1197 1216 1225.5 1282.5 1301.5 1330 1377.5 1358.5 1415.5 1415.5 1415.5 1415.5 1529.5 1681.5 1738.5 1738.5 1805 1710 1510.5 1358.5 1187.5 1121 1159 1149.5 1092.5 1073.5 1064 1092.5 1111.5 1073.5 1073.5 1035.5 1054.5 1102 1140 1187.5 1159 1197 1216 1149.5 1121 1035.5 1092.5 1073.5
-3.4028234663852885981e+38 -3.4028234663852885981e+38 -3.4028234663852885981e+38 -3.4028234663852885981e+38 1178 1178 1168.5 1187.5 1216 1216 1216 1244.5 1301.5 1320.5 1377.5 1415.5 1415.5 1434.5 1463 1482 1453.5 1415.5 1491.5 1757.5 1994.9998779296875 1994.9998779296875 1805 1605.5 1425 1330 1263.5 1149.5 1121 1121 1102 1102 1102 1092.5 1073.5 1121 1121 1140 1073.5 1035.5 1073.5 1130.5 1140 1121 1178 1159 1178 1121 1073.5 1121 1073.5
-3.4028234663852885981e+38 -3.4028234663852885981e+38 -3.4028234663852885981e+38 -3.4028234663852885981e+38 1282.5 1225.5 1197 1235 1263.5 1292 1330 1396.5 1415.5 1406 1491.5 1539 1510.5 1529.5 1548.5 1634 1634 1586.5 1719.5 1928.5 1909.5 1596 1425 1358.5 1263.5 1235 1178 1178 1121 1064 1092.5 1083 1064 1064 1054.5 1178 1168.5 1187.5 1140 1178 1159 1130.5 1102 1073.5 1073.5 1083 1121 1130.5 1111.5 1130.5 1149.5
-3.4028234663852885981e+38 -3.4028234663852885981e+38 -3.4028234663852885981e+38 -3.4028234663852885981e+38 1301.5 1292 1311 1358.5 1368 1368 1415.5 1491.5 1529.5 1605.5 1672 1700.5 1662.5 1643.5 1710 1843 1843 1843 1900 1871.5 1605.5 1349 1301.5 1292 1216 1140 1168.5 1206.5 1111.5 1092.5 1092.5 1064 1102 1149.5 1159 1225.5 1159 1149.5 1121 1121 1168.5 1149.5 1083 1083 1073.5 1092.5 1111.5 1130.5 1121 1168.5 1216
-3.4028234663852885981e+38 -3.4028234663852885981e+38 -3.4028234663852885981e+38 -3.4028234663852885981e+38 -3.4028234663852885981e+38 1605.5 1501 1539 1491.5 1548.5 1643.5 1710 1738.5 1719.5 1738.5 1833.5 1805 1814.5 1909.5 1966.4998779296875 1919 1909.5 1748 1558 1273 1235 1273 1235 1225.5 1178 1149.5 1130.5 1083 1083 1092.5 1121 1159 1121 1102 1102 1083 1092.5 1092.5 1121 1159 1130.5 1111.5 1092.5 1102 1102 1092.5 1140 1197 1235 1301.5
-3.4028234663852885981e+38 -3.4028234663852885981e+38 -3.4028234663852885981e+38 -3.4028234663852885981e+38 -3.4028234663852885981e+38 1975.9998779296875 1994.9998779296875 1947.5 1862 1843 1909.5 1985.4998779296875 1947.5 1919 1900 1928.5 1909.5 1890.5 1947.5 2033.0001220703125 1900 1729 1396.5 1254 1187.5 1197 1197 1197 1178 1168.5 1130.5 1092.5 1054.5 1121 1140 1140 1130.5 1092.5 1111.5 1130.5 1083 1064 1111.5 1130.5 1130.5 1140 1140 1092.5 1130.5 1149.5 1092.5 1168.5 1244.5 1263.5 1282.5
-3.4028234663852885981e+38 -3.4028234663852885981e+38 -3.4028234663852885981e+38 -3.4028234663852885981e+38 -3.4028234663852885981e+38 1994.9998779296875 1957 1938 1975.9998779296875 1966.4998779296875 1966.4998779296875 1994.9998779296875 1957 1985.4998779296875 1966.4998779296875 1928.5 1938 1928.5 1843 1814.5 1586.5 1406 1225.5 1149.5 1149.5 1149.5 1140 1130.5 1111.5 1102 1092.5 1083 1130.5 1197 1159 1121 1092.5 1073.5 1092.5 1121 1083 1054.5 1083 1111.5 1149.5 1140 1140 1121 1130.5 1168.5 1168.5 1263.5 1282.5 1273 1216
-3.4028234663852885981e+38 -3.4028234663852885981e+38 -3.4028234663852885981e+38 -3.4028234663852885981e+38 -3.4028234663852885981e+38 1975.9998779296875 1994.9998779296875 1985.4998779296875 2004.4998779296875 1975.9998779296875 1985.4998779296875 2023.5001220703125 1994.9998779296875 1966.4998779296875 1947.5 1919 1900 1786 1615 1444 1311 1235 1178 1130.5 1092.5 1073.5 1092.5 1102 1102 1130.5 1159 1168.5 1178 1168.5 1159 1159 1178 1149.5 1121 1111.5 1092.5 1064 1054.5 1111.5 1054.5 1054.5 1073.5 1159 1130.5 1235 1263.5 1292 1311 1235 1206.5
-3.4028234663852885981e+38 -3.4028234663852885981e+38 -3.4028234663852885981e+38 -3.4028234663852885981e+38 -3.4028234663852885981e+38 2042.5001220703125 2090 2080.5 2061.5 2013.9998779296875 2004.4998779296875 1975.9998779296875 1985.4998779296875 1947.5 1909.5 1909.5 1852.5 1672 1491.5 1311 1197 1178 1149.5 1111.5 1054.5 1035.5 1054.5 1092.5 1149.5 1159 1168.5 1130.5 1111.5 1092.5 1187.5 1216 1235 1149.5 1121 1149.5 1159 1130.5 1092.5 1273 1102 1054.5 1064 1178 1178 1254 1349 1339.5 1349 1206.5 1159
-3.4028234663852885981e+38 -3.4028234663852885981e+38 -3.4028234663852885981e+38 -3.4028234663852885981e+38 -3.4028234663852885981e+38 2042.5001220703125 2023.5001220703125 2023.5001220703125 2052 2052 1975.9998779296875 1871.5 1852.5 1881 1900 1871.5 1729 1453.5 1292 1216 1130.5 1130.5 1130.5 1130.5 1073.5 1016.50006103515625 1102 1206.5 1216 1111.5 1092.5 1083 1083 1168.5 1197 1225.5 1225.5 1054.5 1064 1159 1292 1254 1178 1282.5 1225.5 1149.5 1140 1178 1187.5 1244.5 1406 1529.5 1377.5 1197 1130.5
-3.4028234663852885981e+38 -3.4028234663852885981e+38 -3.4028234663852885981e+38 -3.4028234663852885981e+38 -3.4028234663852885981e+38 -3.4028234663852885981e+38 2023.5001220703125 2052 2052 2061.5 2004.4998779296875 1871.5 1843 1871.5 1900 1738.5 1520 1273 1235 1121 1092.5 1092.5 1102 1111.5 1054.5 1092.5 1235 1216 1168.5 1073.5 1073.5 1083 1140 1292 1206.5 1206.5 1216 1130.5 1130.5 1159 1292 1339.5 1301.5 1292 1263.5 1159 1159 1159 1168.5 1292 1558 1596 1358.5 1216 1130.5
-3.4028234663852885981e+38 -3.4028234663852885981e+38 -3.4028234663852885981e+38 -3.4028234663852885981e+38 -3.4028234663852885981e+38 -3.4028234663852885981e+38 2004.4998779296875 2061.5 2033.0001220703125 2033.0001220703125 2023.5001220703125 1938 1938 1966.4998779296875 1890.5 1434.5 1349 1178 1216 1130.5 1102 1102 1102 1140 1130.5 1197 1206.5 1130.5 1102 1140 1130.5 1102 1178 1292 1206.5 1159 1187.5 1178 1197 1244.5 1311 1377.5 1387 1339.5 1263.5 1216 1178 1130.5 1178 1339.5 1529.5 1558 1406 1292 1197
-3.4028234663852885981e+38 -3.4028234663852885981e+38 -3.4028234663852885981e+38 -3.4028234663852885981e+38 -3.4028234663852885981e+38 -3.4028234663852885981e+38 2128 2137.5 2052 2023.5001220703125 1985.4998779296875 1975.9998779296875 1957 1966.4998779296875 1681.5 1282.5 1216 1140 1130.5 1130.5 1121 1178 1149.5 1159 1149.5 1159 1111.5 1121 1140 1178 1216 1178 1216 1263.5 1197 1178 1197 1197 1225.5 1292 1368 1529.5 1624.5 1510.5 1320.5 1244.5 1206.5 1178 1235 1406 1643.5 1643.5 1539 1396.5 1292
-3.4028234663852885981e+38 -3.4028234663852885981e+38 -3.4028234663852885981e+38 -3.4028234663852885981e+38 -3.4028234663852885981e+38 -3.4028234663852885981e+38 2118.5 2080.5 2013.9998779296875 2013.9998779296875 1985.4998779296875 1966.4998779296875 1814.5 1520 1311 1197 1159 1121 1121 1149.5 1149.5 1206.5 1206.5 1206.5 1178 1168.5 1149.5 1159 1168.5 1178 1206.5 1168.5 1178 1225.5 1206.5 1235 1206.5 1235 1292 1339.5 1358.5 1577 1662.5 1691 1558 1339.5 1282.5 1282.5 1311 1434.5 1729 1681.5 1634 1491.5 1434.5
-3.4028234663852885981e+38 -3.4028234663852885981e+38 -3.4028234663852885981e+38 -3.4028234663852885981e+38 -3.4028234663852885981e+38 -3.4028234663852885981e+38 2422.5 2384.5 2071 1919 1852.5 1738.5 1425 1206.5 1206.5 1197 1159 1102 1092.5 1121 1168.5 1197 1225.5 1206.5 1187.5 1197 1206.5 1216 1225.5 1244.5 1235 1187.5 1178 1197 1235 1301.5 1178 1178 1187.5 1187.5 1244.5 1377.5 1311 1358.5 1748 1596 1453.5 1434.5 1482 1510.5 1548.5 1681.5 1605.5 1605.5 1653
-3.4028234663852885981e+38 -3.4028234663852885981e+38 -3.4028234663852885981e+38 -3.4028234663852885981e+38 -3.4028234663852885981e+38 -3.4028234663852885981e+38 2033.0001220703125 1890.5 1748 1586.5 1453.5 1377.5 1282.5 1235 1244.5 1273 1206.5 1149.5 1235 1415.5 1349 1263.5 1235 1206.5 1254 1235 1254 1273 1301.5 1282.5 1301.5 1244.5 1168.5 1149.5 1168.5 1244.5 1140 1140 1092.5 1168.5 1092.5 1121 1130.5 1159 1301.5 1577 1605.5 1653 1691 1757.5 1596 1577 1634 1634 1596
