workspaces/SMF_Calibration_pytRIBS/smf_init_data/InitGW_95pct_mm.asc
ncols        58
nrows        57
xllcorner    393099.188403459499
yllcorner    3685240.524853823707
cellsize     100.000000000000
NODATA_value  -3.4028234663852885981e+38
[rows 0 to 23 of 57, columns 0 to 54 of 58]
-3.4028234663852885981e+38 -3.4028234663852885981e+38 -3.4028234663852885981e+38 -3.4028234663852885981e+38 -3.4028234663852885981e+38 -3.4028234663852885981e+38 -3.4028234663852885981e+38 -3.4028234663852885981e+38 -3.4028234663852885981e+38 -3.4028234663852885981e+38 -3.4028234663852885981e+38 -3.4028234663852885981e+38 -3.4028234663852885981e+38 -3.4028234663852885981e+38 -3.4028234663852885981e+38 -3.4028234663852885981e+38 -3.4028234663852885981e+38 -3.4028234663852885981e+38 -3.4028234663852885981e+38 -3.4028234663852885981e+38 -3.4028234663852885981e+38 -3.4028234663852885981e+38 -3.4028234663852885981e+38 -3.4028234663852885981e+38 -3.4028234663852885981e+38 -3.4028234663852885981e+38 -3.4028234663852885981e+38 -3.4028234663852885981e+38 -3.4028234663852885981e+38 -3.4028234663852885981e+38 -3.4028234663852885981e+38 -3.4028234663852885981e+38 -3.4028234663852885981e+38 -3.4028234663852885981e+38 -3.4028234663852885981e+38 -3.4028234663852885981e+38 -3.4028234663852885981e+38 -3.4028234663852885981e+38 -3.4028234663852885981e+38 -3.4028234663852885981e+38 -3.4028234663852885981e+38 -3.4028234663852885981e+38 -3.4028234663852885981e+38 -3.4028234663852885981e+38 -3.4028234663852885981e+38 -3.4028234663852885981e+38 -3.4028234663852885981e+38 2175.5 2194.5 2232.5 -3.4028234663852885981e+38 -3.4028234663852885981e+38 -3.4028234663852885981e+38 -3.4028234663852885981e+38 -3.4028234663852885981e+38
-3.4028234663852885981e+38 -3.4028234663852885981e+38 -3.4028234663852885981e+38 -3.4028234663852885981e+38 -3.4028234663852885981e+38 -3.4028234663852885981e+38 -3.4028234663852885981e+38 -3.4028234663852885981e+38 -3.4028234663852885981e+38 -3.4028234663852885981e+38 -3.4028234663852885981e+38 -3.4028234663852885981e+38 -3.4028234663852885981e+38 -3.4028234663852885981e+38 -3.4028234663852885981e+38 -3.4028234663852885981e+38 -3.4028234663852885981e+38 -3.4028234663852885981e+38 -3.4028234663852885981e+38 -3.4028234663852885981e+38 -3.4028234663852885981e+38 -3.4028234663852885981e+38 -3.4028234663852885981e+38 -3.4028234663852885981e+38 -3.4028234663852885981e+38 -3.4028234663852885981e+38 -3.4028234663852885981e+38 -3.4028234663852885981e+38 -3.4028234663852885981e+38 -3.4028234663852885981e+38 -3.4028234663852885981e+38 -3.4028234663852885981e+38 -3.4028234663852885981e+38 -3.4028234663852885981e+38 -3.4028234663852885981e+38 -3.4028234663852885981e+38 -3.4028234663852885981e+38 -3.4028234663852885981e+38 -3.4028234663852885981e+38 -3.4028234663852885981e+38 2013.9998779296875 1966.4998779296875 1957 2004.4998779296875 1985.4998779296875 1994.9998779296875 2004.4998779296875 2042.5001220703125 1795.5 1795.5 -3.4028234663852885981e+38 -3.4028234663852885981e+38 -3.4028234663852885981e+38 -3.4028234663852885981e+38 -3.4028234663852885981e+38
-3.4028234663852885981e+38 -3.4028234663852885981e+38 -3.4028234663852885981e+38 -3.4028234663852885981e+38 -3.4028234663852885981e+38 -3.4028234663852885981e+38 -3.4028234663852885981e+38 -3.4028234663852885981e+38 -3.4028234663852885981e+38 -3.4028234663852885981e+38 -3.4028234663852885981e+38 -3.4028234663852885981e+38 -3.4028234663852885981e+38 -3.4028234663852885981e+38 -3.4028234663852885981e+38 -3.4028234663852885981e+38 -3.4028234663852885981e+38 -3.4028234663852885981e+38 -3.4028234663852885981e+38 -3.4028234663852885981e+38 -3.4028234663852885981e+38 -3.4028234663852885981e+38 -3.4028234663852885981e+38 -3.4028234663852885981e+38 -3.4028234663852885981e+38 -3.4028234663852885981e+38 -3.4028234663852885981e+38 -3.4028234663852885981e+38 -3.4028234663852885981e+38 -3.4028234663852885981e+38 -3.4028234663852885981e+38 -3.4028234663852885981e+38 -3.4028234663852885981e+38 -3.4028234663852885981e+38 2013.9998779296875 1786 1719.5 1881 1909.5 1938 1919 1890.5 1776.5 1615 1501 1681.5 1776.5 1767 1510.5 1558 -3.4028234663852885981e+38 -3.4028234663852885981e+38 -3.4028234663852885981e+38 -3.4028234663852885981e+38 -3.4028234663852885981e+38
-3.4028234663852885981e+38 -3.4028234663852885981e+38 -3.4028234663852885981e+38 -3.4028234663852885981e+38 -3.4028234663852885981e+38 -3.4028234663852885981e+38 -3.4028234663852885981e+38 -3.4028234663852885981e+38 -3.4028234663852885981e+38 -3.4028234663852885981e+38 -3.4028234663852885981e+38 -3.4028234663852885981e+38 -3.4028234663852885981e+38 -3.4028234663852885981e+38 -3.4028234663852885981e+38 -3.4028234663852885981e+38 -3.4028234663852885981e+38 -3.4028234663852885981e+38 -3.4028234663852885981e+38 -3.4028234663852885981e+38 -3.4028234663852885981e+38 -3.4028234663852885981e+38 -3.4028234663852885981e+38 -3.4028234663852885981e+38 -3.4028234663852885981e+38 -3.4028234663852885981e+38 -3.4028234663852885981e+38 -3.4028234663852885981e+38 2441.5 2327.5 2261 1994.9998779296875 1975.9998779296875 1919 1985.4998779296875 1748 1605.5 1634 1634 1653 1529.5 1472.5 1320.5 1140 1263.5 1377.5 1482 1520 1415.5 1406 -3.4028234663852885981e+38 -3.4028234663852885981e+38 -3.4028234663852885981e+38 -3.4028234663852885981e+38 -3.4028234663852885981e+38
-3.4028234663852885981e+38 -3.4028234663852885981e+38 -3.4028234663852885981e+38 -3.4028234663852885981e+38 -3.4028234663852885981e+38 -3.4028234663852885981e+38 -3.4028234663852885981e+38 -3.4028234663852885981e+38 -3.4028234663852885981e+38 -3.4028234663852885981e+38 -3.4028234663852885981e+38 -3.4028234663852885981e+38 -3.4028234663852885981e+38 -3.4028234663852885981e+38 -3.4028234663852885981e+38 -3.4028234663852885981e+38 -3.4028234663852885981e+38 -3.4028234663852885981e+38 -3.4028234663852885981e+38 -3.4028234663852885981e+38 -3.4028234663852885981e+38 2337 2422.5 2394 2422.5 2470 2346.5 2365.5 2308.5 2223 2194.5 1966.4998779296875 1824 1814.5 1729 1596 1520 1434.5 1434.5 1377.5 1225.5 1225.5 1216 1130.5 1235 1263.5 1358.5 1339.5 1235 1330 -3.4028234663852885981e+38 -3.4028234663852885981e+38 -3.4028234663852885981e+38 -3.4028234663852885981e+38 -3.4028234663852885981e+38
-3.4028234663852885981e+38 -3.4028234663852885981e+38 -3.4028234663852885981e+38 -3.4028234663852885981e+38 -3.4028234663852885981e+38 -3.4028234663852885981e+38 -3.4028234663852885981e+38 -3.4028234663852885981e+38 -3.4028234663852885981e+38 -3.4028234663852885981e+38 -3.4028234663852885981e+38 -3.4028234663852885981e+38 -3.4028234663852885981e+38 -3.4028234663852885981e+38 -3.4028234663852885981e+38 2451 2365.5 2318 2498.5 2413 2299 2289.5 2394 2327.5 2460.5 2441.5 2308.5 2185 2137.5 2071 1957 1966.4998779296875 1852.5 1681.5 1482 1301.5 1168.5 1102 1130.5 1140 1130.5 1149.5 1159 1263.5 1282.5 1263.5 1301.5 1273 1254 1282.5 1254 -3.4028234663852885981e+38 -3.4028234663852885981e+38 -3.4028234663852885981e+38 -3.4028234663852885981e+38
-3.4028234663852885981e+38 -3.4028234663852885981e+38 -3.4028234663852885981e+38 -3.4028234663852885981e+38 -3.4028234663852885981e+38 -3.4028234663852885981e+38 -3.4028234663852885981e+38 -3.4028234663852885981e+38 -3.4028234663852885981e+38 2546 2584 2641 2574.5 2479.5 2346.5 2308.5 2289.5 2289.5 2384.5 2384.5 2251.5 2194.5 2223 2261 2337 2280 2213.5 2118.5 2128 2080.5 1919 1795.5 1757.5 1501 1235 1111.5 1064 1064 1102 1121 1102 1111.5 1216 1320.5 1311 1368 1301.5 1225.5 1168.5 1149.5 1130.5 -3.4028234663852885981e+38 -3.4028234663852885981e+38 -3.4028234663852885981e+38 -3.4028234663852885981e+38
-3.4028234663852885981e+38 -3.4028234663852885981e+38 1881 1919 1862 1786 1928.5 2204 2394 2593.5 2574.5 2555.5 2441.5 2365.5 2204 2175.5 2204 2213.5 2289.5 2327.5 2261 2194.5 2099.5 2080.5 2042.5001220703125 2118.5 2213.5 2175.5 2033.0001220703125 1909.5 1805 1615 1482 1311 1111.5 1035.5 1045 1102 1130.5 1140 1121 1130.5 1159 1197 1273 1320.5 1292 1244.5 1178 1130.5 1159 -3.4028234663852885981e+38 -3.4028234663852885981e+38 -3.4028234663852885981e+38 -3.4028234663852885981e+38
1634 1938 2185 2308.5 2337 2346.5 2451 2584 2603 2622 2536.5 2441.5 2327.5 2156.5 2033.0001220703125 2033.0001220703125 2080.5 2128 2118.5 2156.5 2137.5 2109 2023.5001220703125 1947.5 2061.5 2137.5 2099.5 2071 2004.4998779296875 1824 1643.5 1387 1187.5 1168.5 1168.5 1121 1121 1092.5 1102 1130.5 1149.5 1140 1111.5 1130.5 1159 1149.5 1225.5 1216 1130.5 1111.5 1178 -3.4028234663852885981e+38 -3.4028234663852885981e+38 -3.4028234663852885981e+38 -3.4028234663852885981e+38
2090 2384.5 2536.5 2593.5 2641 2688.5 2669.5 2660 2641 2565 2394 2280 2156.5 2033.0001220703125 1975.9998779296875 1947.5 2023.5001220703125 2071 2042.5001220703125 1928.5 1805 1833.5 1852.5 1748 1795.5 1881 1957 1890.5 1900 1615 1292 1149.5 1121 1168.5 1187.5 1149.5 1121 1159 1111.5 1130.5 1159 1121 1130.5 1140 1140 1102 1121 1111.5 1187.5 1149.5 1130.5 -3.4028234663852885981e+38 -3.4028234663852885981e+38 -3.4028234663852885981e+38 -3.4028234663852885981e+38
2546 2603 2650.5 2707.5 2726.5 2726.5 2688.5 2660 2593.5 2460.5 2308.5 2166 2090 2033.0001220703125 1975.9998779296875 1957 1975.9998779296875 2004.4998779296875 1909.5 1757.5 1634 1596 1634 1548.5 1396.5 1738.5 1767 1643.5 1605.5 1301.5 1216 1206.5 1168.5 1187.5 1187.5 1187.5 1178 1206.5 1140 1140 1130.5 1149.5 1140 1130.5 1102 1083 1102 1121 1197 1225.5 1197 -3.4028234663852885981e+38 -3.4028234663852885981e+38 -3.4028234663852885981e+38 -3.4028234663852885981e+38
-3.4028234663852885981e+38 2698 2688.5 2707.5 2688.5 2698 2593.5 2641 2565 2394 2194.5 2052 2109 1985.4998779296875 1900 1919 1852.5 1833.5 1643.5 1605.5 1529.5 1444 1330 1320.5 1244.5 1358.5 1472.5 1434.5 1396.5 1216 1159 1187.5 1178 1187.5 1206.5 1187.5 1159 1149.5 1121 1121 1111.5 1121 1130.5 1140 1140 1111.5 1121 1187.5 1235 1187.5 1168.5 1178 -3.4028234663852885981e+38 -3.4028234663852885981e+38 -3.4028234663852885981e+38
-3.4028234663852885981e+38 2669.5 2660 2679 2603 2641 2527 2565 2470 2403.5 2185 2118.5 2013.9998779296875 1928.5 1767 1767 1729 1710 1643.5 1434.5 1406 1358.5 1273 1311 1235 1320.5 1387 1339.5 1282.5 1187.5 1149.5 1130.5 1168.5 1197 1187.5 1168.5 1130.5 1102 1092.5 1121 1149.5 1149.5 1130.5 1168.5 1149.5 1149.5 1178 1178 1225.5 1178 1168.5 1235 -3.4028234663852885981e+38 -3.4028234663852885981e+38 -3.4028234663852885981e+38
-3.4028234663852885981e+38 2660 2574.5 2479.5 2432 2384.5 2318 2365.5 2289.5 2261 2308.5 2166 2042.5001220703125 1814.5 1596 1520 1539 1482 1415.5 1415.5 1377.5 1339.5 1301.5 1311 1330 1358.5 1301.5 1225.5 1178 1130.5 1121 1102 1111.5 1149.5 1140 1111.5 1102 1140 1178 1178 1121 1121 1092.5 1111.5 1130.5 1178 1216 1178 1197 1216 1311 1377.5 -3.4028234663852885981e+38 -3.4028234663852885981e+38 -3.4028234663852885981e+38
-3.4028234663852885981e+38 2555.5 2441.5 2318 2308.5 2299 2308.5 2242 2232.5 2109 1843 1710 1558 1339.5 1282.5 1311 1358.5 1396.5 1387 1415.5 1396.5 1330 1301.5 1320.5 1349 1358.5 1311 1187.5 1149.5 1130.5 1140 1111.5 1121 1130.5 1102 1102 1121 1159 1111.5 1111.5 1083 1083 1083 1035.5 1121 1178 1254 1273 1311 1273 1292 1358.5 -3.4028234663852885981e+38 -3.4028234663852885981e+38 -3.4028234663852885981e+38
-3.4028234663852885981e+38 2318 2308.5 2261 2251.5 2337 2232.5 2061.5 1938 1710 1463 1320.5 1263.5 1235 1254 1301.5 1339.5 1349 1377.5 1434.5 1396.5 1320.5 1330 1311 1263.5 1292 1358.5 1206.5 1159 1178 1130.5 1140 1121 1083 1092.5 1121 1102 1130.5 1045 1083 1121 1121 1187.5 1102 1121 1197 1292 1358.5 1406 1444 1529.5 1520 -3.4028234663852885981e+38 -3.4028234663852885981e+38 -3.4028234663852885981e+38
-3.4028234663852885981e+38 2299 2242 2185 2137.5 2023.5001220703125 1843 1710 1567.5 1406 1311 1273 1225.5 1206.5 1254 1339.5 1349 1349 1377.5 1377.5 1358.5 1301.5 1330 1311 1235 1140 1225.5 1225.5 1140 1178 1121 1121 1083 1102 1102 1102 1102 1092.5 1130.5 1121 1178 1121 1225.5 1197 1244.5 1282.5 1339.5 1406 1510.5 1472.5 1510.5 1643.5 -3.4028234663852885981e+38 -3.4028234663852885981e+38 -3.4028234663852885981e+38
-3.4028234663852885981e+38 -3.4028234663852885981e+38 2137.5 2004.4998779296875 1814.5 1776.5 1786 1672 1520 1368 1320.5 1292 1216 1197 1206.5 1292 1349 1349 1330 1330 1339.5 1301.5 1301.5 1301.5 1168.5 1083 1111.5 1178 1149.5 1149.5 1111.5 1073.5 1121 1140 1121 1073.5 1083 1111.5 1140 1140 1187.5 1168.5 1235 1216 1244.5 1415.5 1529.5 1548.5 1643.5 1605.5 1634 1795.5 1862 -3.4028234663852885981e+38 -3.4028234663852885981e+38
-3.4028234663852885981e+38 -3.4028234663852885981e+38 2080.5 1729 1548.5 1605.5 1757.5 1719.5 1529.5 1339.5 1339.5 1254 1235 1235 1206.5 1206.5 1244.5 1244.5 1330 1263.5 1282.5 1254 1225.5 1178 1187.5 1121 1083 1121 1121 1140 1121 1140 1206.5 1178 1121 1064 1111.5 1197 1225.5 1197 1225.5 1292 1282.5 1349 1501 1672 1738.5 1634 1586.5 1643.5 1805 1900 1900 -3.4028234663852885981e+38 -3.4028234663852885981e+38
-3.4028234663852885981e+38 -3.4028234663852885981e+38 1909.5 1491.5 1330 1339.5 1539 1691 1463 1339.5 1301.5 1235 1178 1216 1216 1225.5 1206.5 1197 1178 1178 1178 1178 1149.5 1140 1102 1092.5 1121 1121 1111.5 1130.5 1178 1168.5 1159 1187.5 1140 1092.5 1130.5 1168.5 1206.5 1273 1292 1358.5 1406 1501 1729 1757.5 1710 1586.5 1605.5 1710 1957 1919 1805 -3.4028234663852885981e+38 -3.4028234663852885981e+38
-3.4028234663852885981e+38 -3.4028234663852885981e+38 1615 1330 1292 1273 1282.5 1501 1358.5 1301.5 1273 1206.5 1187.5 1216 1225.5 1216 1187.5 1178 1197 1168.5 1149.5 1149.5 1159 1159 1140 1111.5 1102 1149.5 1178 1130.5 1149.5 1130.5 1140 1187.5 1168.5 1168.5 1168.5 1187.5 1311 1453.5 1387 1444 1491.5 1577 1653 1700.5 1681.5 1596 1577 1909.5 1985.4998779296875 1824 1548.5 -3.4028234663852885981e+38 -3.4028234663852885981e+38
-3.4028234663852885981e+38 -3.4028234663852885981e+38 1406 1273 1273 1273 1358.5 1425 1330 1254 1235 1206.5 1225.5 1235 1225.5 1197 1168.5 1168.5 1140 1130.5 1140 1140 1197 1178 1130.5 1130.5 1159 1168.5 1197 1130.5 1168.5 1140 1130.5 1187.5 1216 1225.5 1216 1187.5 1330 1491.5 1558 1567.5 1643.5 1653 1795.5 1710 1757.5 1767 1634 1596 1520 1491.5 1463 -3.4028234663852885981e+38 -3.4028234663852885981e+38
-3.4028234663852885981e+38 -3.4028234663852885981e+38 1244.5 1273 1396.5 1472.5 1491.5 1377.5 1263.5 1244.5 1244.5 1216 1206.5 1225.5 1216 1178 1187.5 1187.5 1149.5 1102 1121 1140 1216 1216 1225.5 1254 1206.5 1130.5 1149.5 1092.5 1187.5 1140 1130.5 1225.5 1225.5 1263.5 1311 1320.5 1415.5 1482 1710 1672 1729 1814.5 1900 1900 1795.5 1681.5 1548.5 1453.5 1415.5 1330 1339.5 -3.4028234663852885981e+38 -3.4028234663852885981e+38
-3.4028234663852885981e+38 -3.4028234663852885981e+38 -3.4028234663852885981e+38 1282.5 1434.5 1567.5 1463 1254 1206.5 1206.5 1235 1216 1216 1216 1187.5 1130.5 1130.5 1149.5 1225.5 1140 1149.5 1187.5 1216 1197 1235 1178 1197 1149.5 1178 1140 1197 1206.5 1168.5 1254 1206.5 1263.5 1368 1482 1520 1510.5 1729 1833.5 1909.5 1852.5 1719.5 1643.5 1510.5 1406 1301.5 1263.5 1282.5 1244.5 1216 1225.5 -3.4028234663852885981e+38
