workspaces/SMF_Calibration_pytRIBS/smf_init_data/SOLUS_Bedrock_m.asc
ncols        58
nrows        57
xllcorner    393099.188403459499
yllcorner    3685240.524853823707
cellsize     100.000000000000
NODATA_value  -9999
 -9999 -9999 -9999 -9999 -9999 -9999 -9999 -9999 -9999 -9999 -9999 -9999 -9999 -9999 -9999 -9999 -9999 -9999 -9999 -9999 -9999 -9999 -9999 -9999 -9999 -9999 -9999 -9999 -9999 -9999 -9999 -9999 -9999 -9999 -9999 -9999 -9999 -9999 -9999 -9999 -9999 -9999 -9999 -9999 -9999 -9999 -9999 1.29 1.31 1.35 -9999 -9999 -9999 -9999 -9999 -9999 -9999 -9999
 -9999 -9999 -9999 -9999 -9999 -9999 -9999 -9999 -9999 -9999 -9999 -9999 -9999 -9999 -9999 -9999 -9999 -9999 -9999 -9999 -9999 -9999 -9999 -9999 -9999 -9999 -9999 -9999 -9999 -9999 -9999 -9999 -9999 -9999 -9999 -9999 -9999 -9999 -9999 -9999 1.12 1.07 1.06 1.11 1.09 1.10 1.11 1.15 0.89 0.89 -9999 -9999 -9999 -9999 -9999 -9999 -9999 -9999
 -9999 -9999 -9999 -9999 -9999 -9999 -9999 -9999 -9999 -9999 -9999 -9999 -9999 -9999 -9999 -9999 -9999 -9999 -9999 -9999 -9999 -9999 -9999 -9999 -9999 -9999 -9999 -9999 -9999 -9999 -9999 -9999 -9999 -9999 1.12 0.88 0.81 0.98 1.01 1.04 1.02 0.99 0.87 0.70 0.58 0.77 0.87 0.86 0.59 0.64 -9999 -9999 -9999 -9999 -9999 -9999 -9999 -9999
 -9999 -9999 -9999 -9999 -9999 -9999 -9999 -9999 -9999 -9999 -9999 -9999 -9999 -9999 -9999 -9999 -9999 -9999 -9999 -9999 -9999 -9999 -9999 -9999 -9999 -9999 -9999 -9999 1.57 1.45 1.38 1.10 1.08 1.02 1.09 0.84 0.69 0.72 0.72 0.74 0.61 0.55 0.39 0.20 0.33 0.45 0.56 0.60 0.49 0.48 -9999 -9999 -9999 -9999 -9999 -9999 -9999 -9999
 -9999 -9999 -9999 -9999 -9999 -9999 -9999 -9999 -9999 -9999 -9999 -9999 -9999 -9999 -9999 -9999 -9999 -9999 -9999 -9999 -9999 1.46 1.55 1.52 1.55 1.60 1.47 1.49 1.43 1.34 1.31 1.07 0.92 0.91 0.82 0.68 0.60 0.51 0.51 0.45 0.29 0.29 0.28 0.19 0.30 0.33 0.43 0.41 0.30 0.40 -9999 -9999 -9999 -9999 -9999 -9999 -9999 -9999
 -9999 -9999 -9999 -9999 -9999 -9999 -9999 -9999 -9999 -9999 -9999 -9999 -9999 -9999 -9999 1.58 1.49 1.44 1.63 1.54 1.42 1.41 1.52 1.45 1.59 1.57 1.43 1.30 1.25 1.18 1.06 1.07 0.95 0.77 0.56 0.37 0.23 0.16 0.19 0.20 0.19 0.21 0.22 0.33 0.35 0.33 0.37 0.34 0.32 0.35 0.32 -9999 -9999 -9999 -9999 -9999 -9999 -9999
 -9999 -9999 -9999 -9999 -9999 -9999 -9999 -9999 -9999 1.68 1.72 1.78 1.71 1.61 1.47 1.43 1.41 1.41 1.51 1.51 1.37 1.31 1.34 1.38 1.46 1.40 1.33 1.23 1.24 1.19 1.02 0.89 0.85 0.58 0.30 0.17 0.12 0.12 0.16 0.18 0.16 0.17 0.28 0.39 0.38 0.44 0.37 0.29 0.23 0.21 0.19 -9999 -9999 -9999 -9999 -9999 -9999 -9999
 -9999 -9999 0.98 1.02 0.96 0.88 1.03 1.32 1.52 1.73 1.71 1.69 1.57 1.49 1.32 1.29 1.32 1.33 1.41 1.45 1.38 1.31 1.21 1.19 1.15 1.23 1.33 1.29 1.14 1.01 0.90 0.70 0.56 0.38 0.17 0.09 0.10 0.16 0.19 0.20 0.18 0.19 0.22 0.26 0.34 0.39 0.36 0.31 0.24 0.19 0.22 -9999 -9999 -9999 -9999 -9999 -9999 -9999
 0.72 1.04 1.30 1.43 1.46 1.47 1.58 1.72 1.74 1.76 1.67 1.57 1.45 1.27 1.14 1.14 1.19 1.24 1.23 1.27 1.25 1.22 1.13 1.05 1.17 1.25 1.21 1.18 1.11 0.92 0.73 0.46 0.25 0.23 0.23 0.18 0.18 0.15 0.16 0.19 0.21 0.20 0.17 0.19 0.22 0.21 0.29 0.28 0.19 0.17 0.24 -9999 -9999 -9999 -9999 -9999 -9999 -9999
 1.20 1.51 1.67 1.73 1.78 1.83 1.81 1.80 1.78 1.70 1.52 1.40 1.27 1.14 1.08 1.05 1.13 1.18 1.15 1.03 0.90 0.93 0.95 0.84 0.89 0.98 1.06 0.99 1.00 0.70 0.36 0.21 0.18 0.23 0.25 0.21 0.18 0.22 0.17 0.19 0.22 0.18 0.19 0.20 0.20 0.16 0.18 0.17 0.25 0.21 0.19 -9999 -9999 -9999 -9999 -9999 -9999 -9999
 1.68 1.74 1.79 1.85 1.87 1.87 1.83 1.80 1.73 1.59 1.43 1.28 1.20 1.14 1.08 1.06 1.08 1.11 1.01 0.85 0.72 0.68 0.72 0.63 0.47 0.83 0.86 0.73 0.69 0.37 0.28 0.27 0.23 0.25 0.25 0.25 0.24 0.27 0.20 0.20 0.19 0.21 0.20 0.19 0.16 0.14 0.16 0.18 0.26 0.29 0.26 -9999 -9999 -9999 -9999 -9999 -9999 -9999
 -9999 1.84 1.83 1.85 1.83 1.84 1.73 1.78 1.70 1.52 1.31 1.16 1.22 1.09 1.00 1.02 0.95 0.93 0.73 0.69 0.61 0.52 0.40 0.39 0.31 0.43 0.55 0.51 0.47 0.28 0.22 0.25 0.24 0.25 0.27 0.25 0.22 0.21 0.18 0.18 0.17 0.18 0.19 0.20 0.20 0.17 0.18 0.25 0.30 0.25 0.23 0.24 -9999 -9999 -9999 -9999 -9999 -9999
 -9999 1.81 1.80 1.82 1.74 1.78 1.66 1.70 1.60 1.53 1.30 1.23 1.12 1.03 0.86 0.86 0.82 0.80 0.73 0.51 0.48 0.43 0.34 0.38 0.30 0.39 0.46 0.41 0.35 0.25 0.21 0.19 0.23 0.26 0.25 0.23 0.19 0.16 0.15 0.18 0.21 0.21 0.19 0.23 0.21 0.21 0.24 0.24 0.29 0.24 0.23 0.30 -9999 -9999 -9999 -9999 -9999 -9999
 -9999 1.80 1.71 1.61 1.56 1.51 1.44 1.49 1.41 1.38 1.43 1.28 1.15 0.91 0.68 0.60 0.62 0.56 0.49 0.49 0.45 0.41 0.37 0.38 0.40 0.43 0.37 0.29 0.24 0.19 0.18 0.16 0.17 0.21 0.20 0.17 0.16 0.20 0.24 0.24 0.18 0.18 0.15 0.17 0.19 0.24 0.28 0.24 0.26 0.28 0.38 0.45 -9999 -9999 -9999 -9999 -9999 -9999
 -9999 1.69 1.57 1.44 1.43 1.42 1.43 1.36 1.35 1.22 0.94 0.80 0.64 0.41 0.35 0.38 0.43 0.47 0.46 0.49 0.47 0.40 0.37 0.39 0.42 0.43 0.38 0.25 0.21 0.19 0.20 0.17 0.18 0.19 0.16 0.16 0.18 0.22 0.17 0.17 0.14 0.14 0.14 0.09 0.18 0.24 0.32 0.34 0.38 0.34 0.36 0.43 -9999 -9999 -9999 -9999 -9999 -9999
 -9999 1.44 1.43 1.38 1.37 1.46 1.35 1.17 1.04 0.80 0.54 0.39 0.33 0.30 0.32 0.37 0.41 0.42 0.45 0.51 0.47 0.39 0.40 0.38 0.33 0.36 0.43 0.27 0.22 0.24 0.19 0.20 0.18 0.14 0.15 0.18 0.16 0.19 0.10 0.14 0.18 0.18 0.25 0.16 0.18 0.26 0.36 0.43 0.48 0.52 0.61 0.60 -9999 -9999 -9999 -9999 -9999 -9999
 -9999 1.42 1.36 1.30 1.25 1.13 0.94 0.80 0.65 0.48 0.38 0.34 0.29 0.27 0.32 0.41 0.42 0.42 0.45 0.45 0.43 0.37 0.40 0.38 0.30 0.20 0.29 0.29 0.20 0.24 0.18 0.18 0.14 0.16 0.16 0.16 0.16 0.15 0.19 0.18 0.24 0.18 0.29 0.26 0.31 0.35 0.41 0.48 0.59 0.55 0.59 0.73 -9999 -9999 -9999 -9999 -9999 -9999
 -9999 -9999 1.25 1.11 0.91 0.87 0.88 0.76 0.60 0.44 0.39 0.36 0.28 0.26 0.27 0.36 0.42 0.42 0.40 0.40 0.41 0.37 0.37 0.37 0.23 0.14 0.17 0.24 0.21 0.21 0.17 0.13 0.18 0.20 0.18 0.13 0.14 0.17 0.20 0.20 0.25 0.23 0.30 0.28 0.31 0.49 0.61 0.63 0.73 0.69 0.72 0.89 0.96 -9999 -9999 -9999 -9999 -9999
 -9999 -9999 1.19 0.82 0.63 0.69 0.85 0.81 0.61 0.41 0.41 0.32 0.30 0.30 0.27 0.27 0.31 0.31 0.40 0.33 0.35 0.32 0.29 0.24 0.25 0.18 0.14 0.18 0.18 0.20 0.18 0.20 0.27 0.24 0.18 0.12 0.17 0.26 0.29 0.26 0.29 0.36 0.35 0.42 0.58 0.76 0.83 0.72 0.67 0.73 0.90 1.00 1.00 -9999 -9999 -9999 -9999 -9999
 -9999 -9999 1.01 0.57 0.40 0.41 0.62 0.78 0.54 0.41 0.37 0.30 0.24 0.28 0.28 0.29 0.27 0.26 0.24 0.24 0.24 0.24 0.21 0.20 0.16 0.15 0.18 0.18 0.17 0.19 0.24 0.23 0.22 0.25 0.20 0.15 0.19 0.23 0.27 0.34 0.36 0.43 0.48 0.58 0.82 0.85 0.80 0.67 0.69 0.80 1.06 1.02 0.90 -9999 -9999 -9999 -9999 -9999
 -9999 -9999 0.70 0.40 0.36 0.34 0.35 0.58 0.43 0.37 0.34 0.27 0.25 0.28 0.29 0.28 0.25 0.24 0.26 0.23 0.21 0.21 0.22 0.22 0.20 0.17 0.16 0.21 0.24 0.19 0.21 0.19 0.20 0.25 0.23 0.23 0.23 0.25 0.38 0.53 0.46 0.52 0.57 0.66 0.74 0.79 0.77 0.68 0.66 1.01 1.09 0.92 0.63 -9999 -9999 -9999 -9999 -9999
 -9999 -9999 0.48 0.34 0.34 0.34 0.43 0.50 0.40 0.32 0.30 0.27 0.29 0.30 0.29 0.26 0.23 0.23 0.20 0.19 0.20 0.20 0.26 0.24 0.19 0.19 0.22 0.23 0.26 0.19 0.23 0.20 0.19 0.25 0.28 0.29 0.28 0.25 0.40 0.57 0.64 0.65 0.73 0.74 0.89 0.80 0.85 0.86 0.72 0.68 0.60 0.57 0.54 -9999 -9999 -9999 -9999 -9999
 -9999 -9999 0.31 0.34 0.47 0.55 0.57 0.45 0.33 0.31 0.31 0.28 0.27 0.29 0.28 0.24 0.25 0.25 0.21 0.16 0.18 0.20 0.28 0.28 0.29 0.32 0.27 0.19 0.21 0.15 0.25 0.20 0.19 0.29 0.29 0.33 0.38 0.39 0.49 0.56 0.80 0.76 0.82 0.91 1.00 1.00 0.89 0.77 0.63 0.53 0.49 0.40 0.41 -9999 -9999 -9999 -9999 -9999
 -9999 -9999 -9999 0.35 0.51 0.65 0.54 0.32 0.27 0.27 0.30 0.28 0.28 0.28 0.25 0.19 0.19 0.21 0.29 0.20 0.21 0.25 0.28 0.26 0.30 0.24 0.26 0.21 0.24 0.20 0.26 0.27 0.23 0.32 0.27 0.33 0.44 0.56 0.60 0.59 0.82 0.93 1.01 0.95 0.81 0.73 0.59 0.48 0.37 0.33 0.35 0.31 0.28 0.29 -9999 -9999 -9999 -9999
 -9999 -9999 -9999 0.44 0.55 0.51 0.51 0.31 0.24 0.23 0.30 0.30 0.26 0.27 0.23 0.20 0.15 0.20 0.20 0.24 0.25 0.24 0.24 0.23 0.16 0.21 0.27 0.26 0.28 0.28 0.35 0.35 0.32 0.34 0.33 0.37 0.46 0.52 0.80 0.88 0.92 0.93 0.80 0.64 0.46 0.41 0.43 0.31 0.23 0.19 0.20 0.18 0.16 0.16 -9999 -9999 -9999 -9999
 -9999 -9999 -9999 0.55 0.45 0.27 0.29 0.34 0.28 0.24 0.30 0.24 0.20 0.26 0.24 0.19 0.16 0.20 0.22 0.21 0.19 0.19 0.20 0.22 0.16 0.18 0.24 0.27 0.31 0.36 0.38 0.36 0.40 0.41 0.45 0.50 0.56 0.75 0.95 0.92 0.81 0.65 0.42 0.29 0.23 0.27 0.33 0.17 0.08 0.08 0.07 0.07 0.05 0.04 -9999 -9999 -9999 -9999
 -9999 -9999 -9999 0.44 0.31 0.25 0.26 0.23 0.26 0.27 0.29 0.22 0.21 0.26 0.25 0.22 0.20 0.20 0.17 0.20 0.17 0.16 0.17 0.20 0.21 0.22 0.24 0.24 0.29 0.38 0.49 0.58 0.62 0.62 0.63 0.71 0.77 0.80 0.85 0.63 0.43 0.29 0.17 0.12 0.16 0.13 0.12 0.13 0.01 0.07 0.03 0.04 0.05 0.04 -9999 -9999 -9999 -9999
 -9999 -9999 -9999 0.32 0.25 0.23 0.21 0.21 0.23 0.25 0.24 0.24 0.24 0.24 0.26 0.25 0.19 0.17 0.18 0.22 0.20 0.17 0.17 0.20 0.25 0.28 0.27 0.26 0.29 0.38 0.56 0.67 0.79 0.81 0.83 0.74 0.70 0.64 0.50 0.32 0.16 0.16 0.12 0.16 0.07 0.06 0.04 0.13 0.08 0.07 0.02 0.01 0.06 0.08 -9999 -9999 -9999 -9999
 -9999 -9999 -9999 0.27 0.26 0.25 0.22 0.22 0.22 0.21 0.21 0.24 0.30 0.30 0.27 0.21 0.19 0.23 0.24 0.24 0.25 0.24 0.23 0.24 0.29 0.28 0.32 0.32 0.38 0.45 0.57 0.68 0.93 0.94 0.77 0.55 0.40 0.37 0.26 0.19 0.13 0.20 0.18 0.14 0.13 0.10 0.08 0.09 0.14 0.13 0.11 0.06 0.10 0.20 -9999 -9999 -9999 -9999
 -9999 -9999 -9999 -9999 0.24 0.21 0.19 0.20 0.20 0.20 0.25 0.31 0.25 0.23 0.23 0.22 0.25 0.23 0.20 0.28 0.30 0.31 0.29 0.34 0.31 0.29 0.34 0.39 0.52 0.54 0.67 0.77 0.78 0.63 0.42 0.31 0.25 0.19 0.15 0.12 0.14 0.18 0.14 0.14 0.16 0.13 0.11 0.09 0.12 0.10 0.12 0.15 0.16 0.20 -9999 -9999 -9999 -9999
 -9999 -9999 -9999 -9999 0.21 0.18 0.18 0.23 0.23 0.22 0.21 0.24 0.21 0.20 0.22 0.25 0.28 0.29 0.28 0.31 0.33 0.38 0.34 0.40 0.39 0.43 0.44 0.48 0.61 0.65 0.82 0.69 0.55 0.39 0.29 0.23 0.21 0.15 0.15 0.15 0.13 0.12 0.13 0.17 0.18 0.13 0.12 0.11 0.10 0.08 0.10 0.15 0.11 0.13 0.15 -9999 -9999 -9999
 -9999 -9999 -9999 -9999 0.20 0.20 0.23 0.27 0.21 0.20 0.18 0.20 0.24 0.19 0.25 0.29 0.31 0.36 0.35 0.39 0.37 0.43 0.44 0.45 0.46 0.52 0.59 0.70 0.81 0.71 0.59 0.50 0.31 0.25 0.24 0.18 0.15 0.16 0.16 0.15 0.13 0.11 0.12 0.13 0.13 0.15 0.18 0.18 0.15 0.19 0.19 0.17 0.09 0.14 0.15 -9999 -9999 -9999
 -9999 -9999 -9999 -9999 0.23 0.21 0.22 0.23 0.22 0.21 0.25 0.26 0.28 0.29 0.35 0.37 0.40 0.45 0.43 0.49 0.49 0.49 0.49 0.61 0.77 0.83 0.83 0.90 0.80 0.59 0.43 0.25 0.18 0.22 0.21 0.15 0.13 0.12 0.15 0.17 0.13 0.13 0.09 0.11 0.16 0.20 0.25 0.22 0.26 0.28 0.21 0.18 0.09 0.15 0.13 -9999 -9999 -9999
 -9999 -9999 -9999 -9999 0.24 0.24 0.23 0.25 0.28 0.28 0.28 0.31 0.37 0.39 0.45 0.49 0.49 0.51 0.54 0.56 0.53 0.49 0.57 0.85 1.10 1.10 0.90 0.69 0.50 0.40 0.33 0.21 0.18 0.18 0.16 0.16 0.16 0.15 0.13 0.18 0.18 0.20 0.13 0.09 0.13 0.19 0.20 0.18 0.24 0.22 0.24 0.18 0.13 0.18 0.13 -9999 -9999 -9999
 -9999 -9999 -9999 -9999 0.35 0.29 0.26 0.30 0.33 0.36 0.40 0.47 0.49 0.48 0.57 0.62 0.59 0.61 0.63 0.72 0.72 0.67 0.81 1.03 1.01 0.68 0.50 0.43 0.33 0.30 0.24 0.24 0.18 0.12 0.15 0.14 0.12 0.12 0.11 0.24 0.23 0.25 0.20 0.24 0.22 0.19 0.16 0.13 0.13 0.14 0.18 0.19 0.17 0.19 0.21 -9999 -9999 -9999
 -9999 -9999 -9999 -9999 0.37 0.36 0.38 0.43 0.44 0.44 0.49 0.57 0.61 0.69 0.76 0.79 0.75 0.73 0.80 0.94 0.94 0.94 1.00 0.97 0.69 0.42 0.37 0.36 0.28 0.20 0.23 0.27 0.17 0.15 0.15 0.12 0.16 0.21 0.22 0.29 0.22 0.21 0.18 0.18 0.23 0.21 0.14 0.14 0.13 0.15 0.17 0.19 0.18 0.23 0.28 -9999 -9999 -9999
 -9999 -9999 -9999 -9999 -9999 0.69 0.58 0.62 0.57 0.63 0.73 0.80 0.83 0.81 0.83 0.93 0.90 0.91 1.01 1.07 1.02 1.01 0.84 0.64 0.34 0.30 0.34 0.30 0.29 0.24 0.21 0.19 0.14 0.14 0.15 0.18 0.22 0.18 0.16 0.16 0.14 0.15 0.15 0.18 0.22 0.19 0.17 0.15 0.16 0.16 0.15 0.20 0.26 0.30 0.37 0.41 -9999 -9999
 -9999 -9999 -9999 -9999 -9999 1.08 1.10 1.05 0.96 0.94 1.01 1.09 1.05 1.02 1.00 1.03 1.01 0.99 1.05 1.14 1.00 0.82 0.47 0.32 0.25 0.26 0.26 0.26 0.24 0.23 0.19 0.15 0.11 0.18 0.20 0.20 0.19 0.15 0.17 0.19 0.14 0.12 0.17 0.19 0.19 0.20 0.20 0.15 0.19 0.21 0.15 0.23 0.31 0.33 0.35 0.29 -9999 -9999
 -9999 -9999 -9999 -9999 -9999 1.10 1.06 1.04 1.08 1.07 1.07 1.10 1.06 1.09 1.07 1.03 1.04 1.03 0.94 0.91 0.67 0.48 0.29 0.21 0.21 0.21 0.20 0.19 0.17 0.16 0.15 0.14 0.19 0.26 0.22 0.18 0.15 0.13 0.15 0.18 0.14 0.11 0.14 0.17 0.21 0.20 0.20 0.18 0.19 0.23 0.23 0.33 0.35 0.34 0.28 0.16 -9999 -9999
 -9999 -9999 -9999 -9999 -9999 1.08 1.10 1.09 1.11 1.08 1.09 1.13 1.10 1.07 1.05 1.02 1.00 0.88 0.70 0.52 0.38 0.30 0.24 0.19 0.15 0.13 0.15 0.16 0.16 0.19 0.22 0.23 0.24 0.23 0.22 0.22 0.24 0.21 0.18 0.17 0.15 0.12 0.11 0.17 0.11 0.11 0.13 0.22 0.19 0.30 0.33 0.36 0.38 0.30 0.27 0.18 -9999 -9999
 -9999 -9999 -9999 -9999 -9999 1.15 1.20 1.19 1.17 1.12 1.11 1.08 1.09 1.05 1.01 1.01 0.95 0.76 0.57 0.38 0.26 0.24 0.21 0.17 0.11 0.09 0.11 0.15 0.21 0.22 0.23 0.19 0.17 0.15 0.25 0.28 0.30 0.21 0.18 0.21 0.22 0.19 0.15 0.34 0.16 0.11 0.12 0.24 0.24 0.32 0.42 0.41 0.42 0.27 0.22 0.21 -9999 -9999
 -9999 -9999 -9999 -9999 -9999 1.15 1.13 1.13 1.16 1.16 1.08 0.97 0.95 0.98 1.00 0.97 0.82 0.53 0.36 0.28 0.19 0.19 0.19 0.19 0.13 0.07 0.16 0.27 0.28 0.17 0.15 0.14 0.14 0.23 0.26 0.29 0.29 0.11 0.12 0.22 0.36 0.32 0.24 0.35 0.29 0.21 0.20 0.24 0.25 0.31 0.48 0.61 0.45 0.26 0.19 0.19 -9999 -9999
 -9999 -9999 -9999 -9999 -9999 -9999 1.13 1.16 1.16 1.17 1.11 0.97 0.94 0.97 1.00 0.83 0.60 0.34 0.30 0.18 0.15 0.15 0.16 0.17 0.11 0.15 0.30 0.28 0.23 0.13 0.13 0.14 0.20 0.36 0.27 0.27 0.28 0.19 0.19 0.22 0.36 0.41 0.37 0.36 0.33 0.22 0.22 0.22 0.23 0.36 0.64 0.68 0.43 0.28 0.19 0.19 0.17 -9999
 -9999 -9999 -9999 -9999 -9999 -9999 1.11 1.17 1.14 1.14 1.13 1.04 1.04 1.07 0.99 0.51 0.42 0.24 0.28 0.19 0.16 0.16 0.16 0.20 0.19 0.26 0.27 0.19 0.16 0.20 0.19 0.16 0.24 0.36 0.27 0.22 0.25 0.24 0.26 0.31 0.38 0.45 0.46 0.41 0.33 0.28 0.24 0.19 0.24 0.41 0.61 0.64 0.48 0.36 0.26 0.22 0.21 -9999
 -9999 -9999 -9999 -9999 -9999 -9999 1.24 1.25 1.16 1.13 1.09 1.08 1.06 1.07 0.77 0.35 0.28 0.20 0.19 0.19 0.18 0.24 0.21 0.22 0.21 0.22 0.17 0.18 0.20 0.24 0.28 0.24 0.28 0.33 0.26 0.24 0.26 0.26 0.29 0.36 0.44 0.61 0.71 0.59 0.39 0.31 0.27 0.24 0.30 0.48 0.73 0.73 0.62 0.47 0.36 0.35 0.36 -9999
 -9999 -9999 -9999 -9999 -9999 -9999 1.23 1.19 1.12 1.12 1.09 1.07 0.91 0.60 0.38 0.26 0.22 0.18 0.18 0.21 0.21 0.27 0.27 0.27 0.24 0.23 0.21 0.22 0.23 0.24 0.27 0.23 0.24 0.29 0.27 0.30 0.27 0.30 0.36 0.41 0.43 0.66 0.75 0.78 0.64 0.41 0.35 0.35 0.38 0.51 0.82 0.77 0.72 0.57 0.51 0.55 0.49 -9999
 -9999 -9999 -9999 -9999 -9999 -9999 1.55 1.51 1.18 1.02 0.95 0.83 0.50 0.27 0.27 0.26 0.22 0.16 0.15 0.18 0.23 0.26 0.29 0.27 0.25 0.26 0.27 0.28 0.29 0.31 0.30 0.25 0.24 0.26 0.30 0.37 0.24 0.24 0.25 0.25 0.31 0.45 0.38 0.43 0.84 0.68 0.53 0.51 0.56 0.59 0.63 0.77 0.69 0.69 0.74 0.71 0.74 -9999
 -9999 -9999 -9999 -9999 -9999 -9999 1.14 0.99 0.84 0.67 0.53 0.45 0.35 0.30 0.31 0.34 0.27 0.21 0.30 0.49 0.42 0.33 0.30 0.27 0.32 0.30 0.32 0.34 0.37 0.35 0.37 0.31 0.23 0.21 0.23 0.31 0.20 0.20 0.15 0.23 0.15 0.18 0.19 0.22 0.37 0.66 0.69 0.74 0.78 0.85 0.68 0.66 0.72 0.72 0.68 0.53 0.57 -9999
 -9999 -9999 -9999 -9999 -9999 -9999 -9999 0.44 0.32 0.32 0.31 0.36 0.53 0.36 0.39 0.43 0.32 0.23 0.25 0.50 0.41 0.37 0.28 0.28 0.39 0.48 0.35 0.39 0.36 0.34 0.32 0.29 0.23 0.17 0.19 0.24 0.29 0.29 0.32 0.28 0.21 0.22 0.23 0.25 0.29 0.30 0.41 0.79 1.10 1.20 1.12 0.93 0.86 0.77 0.54 0.44 0.54 0.69
 -9999 -9999 -9999 -9999 -9999 -9999 -9999 0.35 0.32 0.31 0.36 0.40 0.68 0.62 0.59 0.43 0.32 0.18 0.22 0.27 0.33 0.37 0.36 0.34 0.38 0.41 0.42 0.37 0.34 0.29 0.28 0.25 0.22 0.21 0.26 0.29 0.30 0.29 0.32 0.36 0.34 0.29 0.26 0.24 0.25 0.25 0.32 0.78 1.31 1.37 1.18 1.10 1.24 1.06 0.58 -9999 -9999 -9999
 -9999 -9999 -9999 -9999 -9999 -9999 -9999 0.28 0.23 0.32 0.50 0.60 0.71 0.65 0.61 0.39 0.35 0.19 0.30 0.31 0.30 0.32 0.43 0.47 0.49 0.52 0.63 0.44 0.30 0.23 0.22 0.21 0.22 0.26 0.31 0.28 0.25 0.24 0.26 0.29 0.29 0.26 0.24 0.26 0.37 0.56 0.58 0.89 -9999 -9999 -9999 -9999 -9999 -9999 -9999 -9999 -9999 -9999
 -9999 -9999 -9999 -9999 -9999 -9999 -9999 0.37 0.34 0.46 0.71 0.88 0.89 0.71 0.59 0.52 0.44 0.33 0.32 0.27 0.30 0.38 0.52 0.64 0.68 0.72 0.49 0.25 0.21 0.20 0.25 0.30 0.27 0.26 0.29 0.26 0.28 0.32 0.27 0.24 0.30 0.29 -9999 -9999 -9999 -9999 -9999 -9999 -9999 -9999 -9999 -9999 -9999 -9999 -9999 -9999 -9999 -9999
 -9999 -9999 -9999 -9999 -9999 -9999 -9999 0.41 0.49 0.66 0.78 0.65 0.47 0.53 0.61 0.59 0.54 0.51 0.45 0.35 0.36 0.47 0.63 0.64 0.49 0.35 0.24 0.23 0.23 0.25 0.28 0.28 0.27 0.26 0.29 0.28 -9999 -9999 -9999 -9999 -9999 -9999 -9999 -9999 -9999 -9999 -9999 -9999 -9999 -9999 -9999 -9999 -9999 -9999 -9999 -9999 -9999 -9999
 -9999 -9999 -9999 -9999 -9999 -9999 -9999 0.41 0.51 0.75 0.65 0.45 0.41 0.41 0.44 0.50 0.53 0.55 0.52 0.50 0.57 0.63 0.55 0.43 0.32 0.27 0.32 0.26 0.24 -9999 -9999 -9999 -9999 -9999 -9999 -9999 -9999 -9999 -9999 -9999 -9999 -9999 -9999 -9999 -9999 -9999 -9999 -9999 -9999 -9999 -9999 -9999 -9999 -9999 -9999 -9999 -9999 -9999
 -9999 -9999 -9999 -9999 -9999 -9999 -9999 -9999 0.63 0.66 0.42 0.37 0.39 0.51 0.53 0.54 0.53 0.65 0.72 0.86 0.91 0.64 0.37 -9999 -9999 -9999 -9999 -9999 -9999 -9999 -9999 -9999 -9999 -9999 -9999 -9999 -9999 -9999 -9999 -9999 -9999 -9999 -9999 -9999 -9999 -9999 -9999 -9999 -9999 -9999 -9999 -9999 -9999 -9999 -9999 -9999 -9999 -9999
 -9999 -9999 -9999 -9999 -9999 -9999 -9999 -9999 0.77 0.50 0.35 0.35 0.37 0.42 0.53 0.60 0.53 -9999 -9999 -9999 -9999 -9999 -9999 -9999 -9999 -9999 -9999 -9999 -9999 -9999 -9999 -9999 -9999 -9999 -9999 -9999 -9999 -9999 -9999 -9999 -9999 -9999 -9999 -9999 -9999 -9999 -9999 -9999 -9999 -9999 -9999 -9999 -9999 -9999 -9999 -9999 -9999 -9999
 -9999 -9999 -9999 -9999 -9999 -9999 -9999 -9999 0.86 0.46 -9999 -9999 -9999 -9999 -9999 -9999 -9999 -9999 -9999 -9999 -9999 -9999 -9999 -9999 -9999 -9999 -9999 -9999 -9999 -9999 -9999 -9999 -9999 -9999 -9999 -9999 -9999 -9999 -9999 -9999 -9999 -9999 -9999 -9999 -9999 -9999 -9999 -9999 -9999 -9999 -9999 -9999 -9999 -9999 -9999 -9999 -9999 -9999
