workspaces/SMF_Calibration_pytRIBS/smf_init_data/SOLUS_Bedrock_m.asc
ncols        58
nrows        57
xllcorner    393099.188403459499
yllcorner    3685240.524853823707
cellsize     100.000000000000
NODATA_value  -3.4028234663852885981e+38
[rows 18 to 35 of 57, columns 0 to 38 of 58]
-3.4028234663852885981e+38 -3.4028234663852885981e+38 2.1900000572204589844 1.8200000524520874023 1.629999995231628418 1.6900000572204589844 1.8500000238418579102 1.8099999427795410156 1.6100000143051147461 1.4099999666213989258 1.4099999666213989258 1.3200000524520874023 1.2999999523162841797 1.2999999523162841797 1.2699999809265136719 1.2699999809265136719 1.3099999427795410156 1.3099999427795410156 1.3999999761581420898 1.3300000429153442383 1.3500000238418579102 1.3200000524520874023 1.2899999618530273438 1.2400000095367431641 1.25 1.1799999475479125977 1.1399999856948852539 1.1799999475479125977 1.1799999475479125977 1.2000000476837158203 1.1799999475479125977 1.2000000476837158203 1.2699999809265136719 1.2400000095367431641 1.1799999475479125977 1.120000004768371582 1.1699999570846557617 1.2599999904632568359 1.2899999618530273438
-3.4028234663852885981e+38 -3.4028234663852885981e+38 2.0099999904632568359 1.5700000524520874023 1.3999999761581420898 1.4099999666213989258 1.620000004768371582 1.7799999713897705078 1.5399999618530273438 1.4099999666213989258 1.370000004768371582 1.2999999523162841797 1.2400000095367431641 1.2799999713897705078 1.2799999713897705078 1.2899999618530273438 1.2699999809265136719 1.2599999904632568359 1.2400000095367431641 1.2400000095367431641 1.2400000095367431641 1.2400000095367431641 1.2100000381469726562 1.2000000476837158203 1.1599999666213989258 1.1499999761581420898 1.1799999475479125977 1.1799999475479125977 1.1699999570846557617 1.1900000572204589844 1.2400000095367431641 1.2300000190734863281 1.2200000286102294922 1.25 1.2000000476837158203 1.1499999761581420898 1.1900000572204589844 1.2300000190734863281 1.2699999809265136719
-3.4028234663852885981e+38 -3.4028234663852885981e+38 1.7000000476837158203 1.3999999761581420898 1.3600000143051147461 1.3400000333786010742 1.3500000238418579102 1.5800000429153442383 1.4299999475479125977 1.370000004768371582 1.3400000333786010742 1.2699999809265136719 1.25 1.2799999713897705078 1.2899999618530273438 1.2799999713897705078 1.25 1.2400000095367431641 1.2599999904632568359 1.2300000190734863281 1.2100000381469726562 1.2100000381469726562 1.2200000286102294922 1.2200000286102294922 1.2000000476837158203 1.1699999570846557617 1.1599999666213989258 1.2100000381469726562 1.2400000095367431641 1.1900000572204589844 1.2100000381469726562 1.1900000572204589844 1.2000000476837158203 1.25 1.2300000190734863281 1.2300000190734863281 1.2300000190734863281 1.25 1.379999995231628418
-3.4028234663852885981e+38 -3.4028234663852885981e+38 1.4800000190734863281 1.3400000333786010742 1.3400000333786010742 1.3400000333786010742 1.4299999475479125977 1.5 1.3999999761581420898 1.3200000524520874023 1.2999999523162841797 1.2699999809265136719 1.2899999618530273438 1.2999999523162841797 1.2899999618530273438 1.2599999904632568359 1.2300000190734863281 1.2300000190734863281 1.2000000476837158203 1.1900000572204589844 1.2000000476837158203 1.2000000476837158203 1.2599999904632568359 1.2400000095367431641 1.1900000572204589844 1.1900000572204589844 1.2200000286102294922 1.2300000190734863281 1.2599999904632568359 1.1900000572204589844 1.2300000190734863281 1.2000000476837158203 1.1900000572204589844 1.25 1.2799999713897705078 1.2899999618530273438 1.2799999713897705078 1.25 1.3999999761581420898
-3.4028234663852885981e+38 -3.4028234663852885981e+38 1.3099999427795410156 1.3400000333786010742 1.4700000286102294922 1.5499999523162841797 1.5700000524520874023 1.4500000476837158203 1.3300000429153442383 1.3099999427795410156 1.3099999427795410156 1.2799999713897705078 1.2699999809265136719 1.2899999618530273438 1.2799999713897705078 1.2400000095367431641 1.25 1.25 1.2100000381469726562 1.1599999666213989258 1.1799999475479125977 1.2000000476837158203 1.2799999713897705078 1.2799999713897705078 1.2899999618530273438 1.3200000524520874023 1.2699999809265136719 1.1900000572204589844 1.2100000381469726562 1.1499999761581420898 1.25 1.2000000476837158203 1.1900000572204589844 1.2899999618530273438 1.2899999618530273438 1.3300000429153442383 1.379999995231628418 1.3899999856948852539 1.4900000095367431641
-3.4028234663852885981e+38 -3.4028234663852885981e+38 -3.4028234663852885981e+38 1.3500000238418579102 1.5099999904632568359 1.6499999761581420898 1.5399999618530273438 1.3200000524520874023 1.2699999809265136719 1.2699999809265136719 1.2999999523162841797 1.2799999713897705078 1.2799999713897705078 1.2799999713897705078 1.25 1.1900000572204589844 1.1900000572204589844 1.2100000381469726562 1.2899999618530273438 1.2000000476837158203 1.2100000381469726562 1.25 1.2799999713897705078 1.2599999904632568359 1.2999999523162841797 1.2400000095367431641 1.2599999904632568359 1.2100000381469726562 1.2400000095367431641 1.2000000476837158203 1.2599999904632568359 1.2699999809265136719 1.2300000190734863281 1.3200000524520874023 1.2699999809265136719 1.3300000429153442383 1.4400000572204589844 1.5599999427795410156 1.6000000238418579102
-3.4028234663852885981e+38 -3.4028234663852885981e+38 -3.4028234663852885981e+38 1.4400000572204589844 1.5499999523162841797 1.5099999904632568359 1.5099999904632568359 1.3099999427795410156 1.2400000095367431641 1.2300000190734863281 1.2999999523162841797 1.2999999523162841797 1.2599999904632568359 1.2699999809265136719 1.2300000190734863281 1.2000000476837158203 1.1499999761581420898 1.2000000476837158203 1.2000000476837158203 1.2400000095367431641 1.25 1.2400000095367431641 1.2400000095367431641 1.2300000190734863281 1.1599999666213989258 1.2100000381469726562 1.2699999809265136719 1.2599999904632568359 1.2799999713897705078 1.2799999713897705078 1.3500000238418579102 1.3500000238418579102 1.3200000524520874023 1.3400000333786010742 1.3300000429153442383 1.370000004768371582 1.4600000381469726562 1.5199999809265136719 1.7999999523162841797
-3.4028234663852885981e+38 -3.4028234663852885981e+38 -3.4028234663852885981e+38 1.5499999523162841797 1.4500000476837158203 1.2699999809265136719 1.2899999618530273438 1.3400000333786010742 1.2799999713897705078 1.2400000095367431641 1.2999999523162841797 1.2400000095367431641 1.2000000476837158203 1.2599999904632568359 1.2400000095367431641 1.1900000572204589844 1.1599999666213989258 1.2000000476837158203 1.2200000286102294922 1.2100000381469726562 1.1900000572204589844 1.1900000572204589844 1.2000000476837158203 1.2200000286102294922 1.1599999666213989258 1.1799999475479125977 1.2400000095367431641 1.2699999809265136719 1.3099999427795410156 1.3600000143051147461 1.379999995231628418 1.3600000143051147461 1.3999999761581420898 1.4099999666213989258 1.4500000476837158203 1.5 1.5599999427795410156 1.75 1.9500000476837158203
-3.4028234663852885981e+38 -3.4028234663852885981e+38 -3.4028234663852885981e+38 1.4400000572204589844 1.3099999427795410156 1.25 1.2599999904632568359 1.2300000190734863281 1.2599999904632568359 1.2699999809265136719 1.2899999618530273438 1.2200000286102294922 1.2100000381469726562 1.2599999904632568359 1.25 1.2200000286102294922 1.2000000476837158203 1.2000000476837158203 1.1699999570846557617 1.2000000476837158203 1.1699999570846557617 1.1599999666213989258 1.1699999570846557617 1.2000000476837158203 1.2100000381469726562 1.2200000286102294922 1.2400000095367431641 1.2400000095367431641 1.2899999618530273438 1.379999995231628418 1.4900000095367431641 1.5800000429153442383 1.620000004768371582 1.620000004768371582 1.629999995231628418 1.7100000381469726562 1.7699999809265136719 1.7999999523162841797 1.8500000238418579102
-3.4028234663852885981e+38 -3.4028234663852885981e+38 -3.4028234663852885981e+38 1.3200000524520874023 1.25 1.2300000190734863281 1.2100000381469726562 1.2100000381469726562 1.2300000190734863281 1.25 1.2400000095367431641 1.2400000095367431641 1.2400000095367431641 1.2400000095367431641 1.2599999904632568359 1.25 1.1900000572204589844 1.1699999570846557617 1.1799999475479125977 1.2200000286102294922 1.2000000476837158203 1.1699999570846557617 1.1699999570846557617 1.2000000476837158203 1.25 1.2799999713897705078 1.2699999809265136719 1.2599999904632568359 1.2899999618530273438 1.379999995231628418 1.5599999427795410156 1.6699999570846557617 1.7899999618530273438 1.8099999427795410156 1.8300000429153442383 1.7400000095367431641 1.7000000476837158203 1.6399999856948852539 1.5
-3.4028234663852885981e+38 -3.4028234663852885981e+38 -3.4028234663852885981e+38 1.2699999809265136719 1.2599999904632568359 1.25 1.2200000286102294922 1.2200000286102294922 1.2200000286102294922 1.2100000381469726562 1.2100000381469726562 1.2400000095367431641 1.2999999523162841797 1.2999999523162841797 1.2699999809265136719 1.2100000381469726562 1.1900000572204589844 1.2300000190734863281 1.2400000095367431641 1.2400000095367431641 1.25 1.2400000095367431641 1.2300000190734863281 1.2400000095367431641 1.2899999618530273438 1.2799999713897705078 1.3200000524520874023 1.3200000524520874023 1.379999995231628418 1.4500000476837158203 1.5700000524520874023 1.6799999475479125977 1.9299999475479125977 1.9400000572204589844 1.7699999809265136719 1.5499999523162841797 1.3999999761581420898 1.370000004768371582 1.2599999904632568359
-3.4028234663852885981e+38 -3.4028234663852885981e+38 -3.4028234663852885981e+38 -3.4028234663852885981e+38 1.2400000095367431641 1.2100000381469726562 1.1900000572204589844 1.2000000476837158203 1.2000000476837158203 1.2000000476837158203 1.25 1.3099999427795410156 1.25 1.2300000190734863281 1.2300000190734863281 1.2200000286102294922 1.25 1.2300000190734863281 1.2000000476837158203 1.2799999713897705078 1.2999999523162841797 1.3099999427795410156 1.2899999618530273438 1.3400000333786010742 1.3099999427795410156 1.2899999618530273438 1.3400000333786010742 1.3899999856948852539 1.5199999809265136719 1.5399999618530273438 1.6699999570846557617 1.7699999809265136719 1.7799999713897705078 1.629999995231628418 1.4199999570846557617 1.3099999427795410156 1.25 1.1900000572204589844 1.1499999761581420898
-3.4028234663852885981e+38 -3.4028234663852885981e+38 -3.4028234663852885981e+38 -3.4028234663852885981e+38 1.2100000381469726562 1.1799999475479125977 1.1799999475479125977 1.2300000190734863281 1.2300000190734863281 1.2200000286102294922 1.2100000381469726562 1.2400000095367431641 1.2100000381469726562 1.2000000476837158203 1.2200000286102294922 1.25 1.2799999713897705078 1.2899999618530273438 1.2799999713897705078 1.3099999427795410156 1.3300000429153442383 1.379999995231628418 1.3400000333786010742 1.3999999761581420898 1.3899999856948852539 1.4299999475479125977 1.4400000572204589844 1.4800000190734863281 1.6100000143051147461 1.6499999761581420898 1.8200000524520874023 1.6900000572204589844 1.5499999523162841797 1.3899999856948852539 1.2899999618530273438 1.2300000190734863281 1.2100000381469726562 1.1499999761581420898 1.1499999761581420898
-3.4028234663852885981e+38 -3.4028234663852885981e+38 -3.4028234663852885981e+38 -3.4028234663852885981e+38 1.2000000476837158203 1.2000000476837158203 1.2300000190734863281 1.2699999809265136719 1.2100000381469726562 1.2000000476837158203 1.1799999475479125977 1.2000000476837158203 1.2400000095367431641 1.1900000572204589844 1.25 1.2899999618530273438 1.3099999427795410156 1.3600000143051147461 1.3500000238418579102 1.3899999856948852539 1.370000004768371582 1.4299999475479125977 1.4400000572204589844 1.4500000476837158203 1.4600000381469726562 1.5199999809265136719 1.5900000333786010742 1.7000000476837158203 1.8099999427795410156 1.7100000381469726562 1.5900000333786010742 1.5 1.3099999427795410156 1.25 1.2400000095367431641 1.1799999475479125977 1.1499999761581420898 1.1599999666213989258 1.1599999666213989258
-3.4028234663852885981e+38 -3.4028234663852885981e+38 -3.4028234663852885981e+38 -3.4028234663852885981e+38 1.2300000190734863281 1.2100000381469726562 1.2200000286102294922 1.2300000190734863281 1.2200000286102294922 1.2100000381469726562 1.25 1.2599999904632568359 1.2799999713897705078 1.2899999618530273438 1.3500000238418579102 1.370000004768371582 1.3999999761581420898 1.4500000476837158203 1.4299999475479125977 1.4900000095367431641 1.4900000095367431641 1.4900000095367431641 1.4900000095367431641 1.6100000143051147461 1.7699999809265136719 1.8300000429153442383 1.8300000429153442383 1.8999999761581420898 1.7999999523162841797 1.5900000333786010742 1.4299999475479125977 1.25 1.1799999475479125977 1.2200000286102294922 1.2100000381469726562 1.1499999761581420898 1.129999995231628418 1.120000004768371582 1.1499999761581420898
-3.4028234663852885981e+38 -3.4028234663852885981e+38 -3.4028234663852885981e+38 -3.4028234663852885981e+38 1.2400000095367431641 1.2400000095367431641 1.2300000190734863281 1.25 1.2799999713897705078 1.2799999713897705078 1.2799999713897705078 1.3099999427795410156 1.370000004768371582 1.3899999856948852539 1.4500000476837158203 1.4900000095367431641 1.4900000095367431641 1.5099999904632568359 1.5399999618530273438 1.5599999427795410156 1.5299999713897705078 1.4900000095367431641 1.5700000524520874023 1.8500000238418579102 2.0999999046325683594 2.0999999046325683594 1.8999999761581420898 1.6900000572204589844 1.5 1.3999999761581420898 1.3300000429153442383 1.2100000381469726562 1.1799999475479125977 1.1799999475479125977 1.1599999666213989258 1.1599999666213989258 1.1599999666213989258 1.1499999761581420898 1.129999995231628418
-3.4028234663852885981e+38 -3.4028234663852885981e+38 -3.4028234663852885981e+38 -3.4028234663852885981e+38 1.3500000238418579102 1.2899999618530273438 1.2599999904632568359 1.2999999523162841797 1.3300000429153442383 1.3600000143051147461 1.3999999761581420898 1.4700000286102294922 1.4900000095367431641 1.4800000190734863281 1.5700000524520874023 1.620000004768371582 1.5900000333786010742 1.6100000143051147461 1.629999995231628418 1.7200000286102294922 1.7200000286102294922 1.6699999570846557617 1.8099999427795410156 2.0299999713897705078 2.0099999904632568359 1.6799999475479125977 1.5 1.4299999475479125977 1.3300000429153442383 1.2999999523162841797 1.2400000095367431641 1.2400000095367431641 1.1799999475479125977 1.120000004768371582 1.1499999761581420898 1.1399999856948852539 1.120000004768371582 1.120000004768371582 1.1100000143051147461
-3.4028234663852885981e+38 -3.4028234663852885981e+38 -3.4028234663852885981e+38 -3.4028234663852885981e+38 1.370000004768371582 1.3600000143051147461 1.379999995231628418 1.4299999475479125977 1.4400000572204589844 1.4400000572204589844 1.4900000095367431641 1.5700000524520874023 1.6100000143051147461 1.6900000572204589844 1.7599999904632568359 1.7899999618530273438 1.75 1.7300000190734863281 1.7999999523162841797 1.9400000572204589844 1.9400000572204589844 1.9400000572204589844 2 1.9700000286102294922 1.6900000572204589844 1.4199999570846557617 1.370000004768371582 1.3600000143051147461 1.2799999713897705078 1.2000000476837158203 1.2300000190734863281 1.2699999809265136719 1.1699999570846557617 1.1499999761581420898 1.1499999761581420898 1.120000004768371582 1.1599999666213989258 1.2100000381469726562 1.2200000286102294922
