workspaces/SMF_Calibration_pytRIBS/smf_init_data/SOLUS_Bedrock_m.asc
ncols        58
nrows        57
xllcorner    393099.188403459499
yllcorner    3685240.524853823707
cellsize     100.000000000000
NODATA_value  -3.4028234663852885981e+38
[rows 0 to 17 of 57, columns 0 to 38 of 58]
-3.4028234663852885981e+38 -3.4028234663852885981e+38 -3.4028234663852885981e+38 -3.4028234663852885981e+38 -3.4028234663852885981e+38 -3.4028234663852885981e+38 -3.4028234663852885981e+38 -3.4028234663852885981e+38 -3.4028234663852885981e+38 -3.4028234663852885981e+38 -3.4028234663852885981e+38 -3.4028234663852885981e+38 -3.4028234663852885981e+38 -3.4028234663852885981e+38 -3.4028234663852885981e+38 -3.4028234663852885981e+38 -3.4028234663852885981e+38 -3.4028234663852885981e+38 -3.4028234663852885981e+38 -3.4028234663852885981e+38 -3.4028234663852885981e+38 -3.4028234663852885981e+38 -3.4028234663852885981e+38 -3.4028234663852885981e+38 -3.4028234663852885981e+38 -3.4028234663852885981e+38 -3.4028234663852885981e+38 -3.4028234663852885981e+38 -3.4028234663852885981e+38 -3.4028234663852885981e+38 -3.4028234663852885981e+38 -3.4028234663852885981e+38 -3.4028234663852885981e+38 -3.4028234663852885981e+38 -3.4028234663852885981e+38 -3.4028234663852885981e+38 -3.4028234663852885981e+38 -3.4028234663852885981e+38 -3.4028234663852885981e+38
-3.4028234663852885981e+38 -3.4028234663852885981e+38 -3.4028234663852885981e+38 -3.4028234663852885981e+38 -3.4028234663852885981e+38 -3.4028234663852885981e+38 -3.4028234663852885981e+38 -3.4028234663852885981e+38 -3.4028234663852885981e+38 -3.4028234663852885981e+38 -3.4028234663852885981e+38 -3.4028234663852885981e+38 -3.4028234663852885981e+38 -3.4028234663852885981e+38 -3.4028234663852885981e+38 -3.4028234663852885981e+38 -3.4028234663852885981e+38 -3.4028234663852885981e+38 -3.4028234663852885981e+38 -3.4028234663852885981e+38 -3.4028234663852885981e+38 -3.4028234663852885981e+38 -3.4028234663852885981e+38 -3.4028234663852885981e+38 -3.4028234663852885981e+38 -3.4028234663852885981e+38 -3.4028234663852885981e+38 -3.4028234663852885981e+38 -3.4028234663852885981e+38 -3.4028234663852885981e+38 -3.4028234663852885981e+38 -3.4028234663852885981e+38 -3.4028234663852885981e+38 -3.4028234663852885981e+38 -3.4028234663852885981e+38 -3.4028234663852885981e+38 -3.4028234663852885981e+38 -3.4028234663852885981e+38 -3.4028234663852885981e+38
-3.4028234663852885981e+38 -3.4028234663852885981e+38 -3.4028234663852885981e+38 -3.4028234663852885981e+38 -3.4028234663852885981e+38 -3.4028234663852885981e+38 -3.4028234663852885981e+38 -3.4028234663852885981e+38 -3.4028234663852885981e+38 -3.4028234663852885981e+38 -3.4028234663852885981e+38 -3.4028234663852885981e+38 -3.4028234663852885981e+38 -3.4028234663852885981e+38 -3.4028234663852885981e+38 -3.4028234663852885981e+38 -3.4028234663852885981e+38 -3.4028234663852885981e+38 -3.4028234663852885981e+38 -3.4028234663852885981e+38 -3.4028234663852885981e+38 -3.4028234663852885981e+38 -3.4028234663852885981e+38 -3.4028234663852885981e+38 -3.4028234663852885981e+38 -3.4028234663852885981e+38 -3.4028234663852885981e+38 -3.4028234663852885981e+38 -3.4028234663852885981e+38 -3.4028234663852885981e+38 -3.4028234663852885981e+38 -3.4028234663852885981e+38 -3.4028234663852885981e+38 -3.4028234663852885981e+38 2.1199998855590820312 1.879999995231628418 1.8099999427795410156 1.9800000190734863281 2.0099999904632568359
-3.4028234663852885981e+38 -3.4028234663852885981e+38 -3.4028234663852885981e+38 -3.4028234663852885981e+38 -3.4028234663852885981e+38 -3.4028234663852885981e+38 -3.4028234663852885981e+38 -3.4028234663852885981e+38 -3.4028234663852885981e+38 -3.4028234663852885981e+38 -3.4028234663852885981e+38 -3.4028234663852885981e+38 -3.4028234663852885981e+38 -3.4028234663852885981e+38 -3.4028234663852885981e+38 -3.4028234663852885981e+38 -3.4028234663852885981e+38 -3.4028234663852885981e+38 -3.4028234663852885981e+38 -3.4028234663852885981e+38 -3.4028234663852885981e+38 -3.4028234663852885981e+38 -3.4028234663852885981e+38 -3.4028234663852885981e+38 -3.4028234663852885981e+38 -3.4028234663852885981e+38 -3.4028234663852885981e+38 -3.4028234663852885981e+38 2.5699999332427978516 2.4500000476837158203 2.3800001144409179688 2.0999999046325683594 2.0799999237060546875 2.0199999809265136719 2.0899999141693115234 1.8400000333786010742 1.6900000572204589844 1.7200000286102294922 1.7200000286102294922
-3.4028234663852885981e+38 -3.4028234663852885981e+38 -3.4028234663852885981e+38 -3.4028234663852885981e+38 -3.4028234663852885981e+38 -3.4028234663852885981e+38 -3.4028234663852885981e+38 -3.4028234663852885981e+38 -3.4028234663852885981e+38 -3.4028234663852885981e+38 -3.4028234663852885981e+38 -3.4028234663852885981e+38 -3.4028234663852885981e+38 -3.4028234663852885981e+38 -3.4028234663852885981e+38 -3.4028234663852885981e+38 -3.4028234663852885981e+38 -3.4028234663852885981e+38 -3.4028234663852885981e+38 -3.4028234663852885981e+38 -3.4028234663852885981e+38 2.4600000381469726562 2.5499999523162841797 2.5199999809265136719 2.5499999523162841797 2.5999999046325683594 2.4700000286102294922 2.4900000095367431641 2.4300000667572021484 2.3399999141693115234 2.3099999427795410156 2.0699999332427978516 1.9199999570846557617 1.9099999666213989258 1.8200000524520874023 1.6799999475479125977 1.6000000238418579102 1.5099999904632568359 1.5099999904632568359
-3.4028234663852885981e+38 -3.4028234663852885981e+38 -3.4028234663852885981e+38 -3.4028234663852885981e+38 -3.4028234663852885981e+38 -3.4028234663852885981e+38 -3.4028234663852885981e+38 -3.4028234663852885981e+38 -3.4028234663852885981e+38 -3.4028234663852885981e+38 -3.4028234663852885981e+38 -3.4028234663852885981e+38 -3.4028234663852885981e+38 -3.4028234663852885981e+38 -3.4028234663852885981e+38 2.5799999237060546875 2.4900000095367431641 2.4400000572204589844 2.6300001144409179688 2.5399999618530273438 2.4200000762939453125 2.4100000858306884766 2.5199999809265136719 2.4500000476837158203 2.5899999141693115234 2.5699999332427978516 2.4300000667572021484 2.2999999523162841797 2.25 2.1800000667572021484 2.0599999427795410156 2.0699999332427978516 1.9500000476837158203 1.7699999809265136719 1.5599999427795410156 1.370000004768371582 1.2300000190734863281 1.1599999666213989258 1.1900000572204589844
-3.4028234663852885981e+38 -3.4028234663852885981e+38 -3.4028234663852885981e+38 -3.4028234663852885981e+38 -3.4028234663852885981e+38 -3.4028234663852885981e+38 -3.4028234663852885981e+38 -3.4028234663852885981e+38 -3.4028234663852885981e+38 2.6800000667572021484 2.7200000286102294922 2.7799999713897705078 2.7100000381469726562 2.6099998950958251953 2.4700000286102294922 2.4300000667572021484 2.4100000858306884766 2.4100000858306884766 2.5099999904632568359 2.5099999904632568359 2.3699998855590820312 2.3099999427795410156 2.3399999141693115234 2.3800001144409179688 2.4600000381469726562 2.4000000953674316406 2.3299999237060546875 2.2300000190734863281 2.2400000095367431641 2.1900000572204589844 2.0199999809265136719 1.8899999856948852539 1.8500000238418579102 1.5800000429153442383 1.2999999523162841797 1.1699999570846557617 1.120000004768371582 1.120000004768371582 1.1599999666213989258
-3.4028234663852885981e+38 -3.4028234663852885981e+38 1.9800000190734863281 2.0199999809265136719 1.9600000381469726562 1.879999995231628418 2.0299999713897705078 2.3199999332427978516 2.5199999809265136719 2.7300000190734863281 2.7100000381469726562 2.6900000572204589844 2.5699999332427978516 2.4900000095367431641 2.3199999332427978516 2.2899999618530273438 2.3199999332427978516 2.3299999237060546875 2.4100000858306884766 2.4500000476837158203 2.3800001144409179688 2.3099999427795410156 2.2100000381469726562 2.1900000572204589844 2.1500000953674316406 2.2300000190734863281 2.3299999237060546875 2.2899999618530273438 2.1400001049041748047 2.0099999904632568359 1.8999999761581420898 1.7000000476837158203 1.5599999427795410156 1.379999995231628418 1.1699999570846557617 1.0900000333786010742 1.1000000238418579102 1.1599999666213989258 1.1900000572204589844
1.7200000286102294922 2.0399999618530273438 2.2999999523162841797 2.4300000667572021484 2.4600000381469726562 2.4700000286102294922 2.5799999237060546875 2.7200000286102294922 2.7400000095367431641 2.7599999904632568359 2.6700000762939453125 2.5699999332427978516 2.4500000476837158203 2.2699999809265136719 2.1400001049041748047 2.1400001049041748047 2.1900000572204589844 2.2400000095367431641 2.2300000190734863281 2.2699999809265136719 2.25 2.2200000286102294922 2.1300001144409179688 2.0499999523162841797 2.1700000762939453125 2.25 2.2100000381469726562 2.1800000667572021484 2.1099998950958251953 1.9199999570846557617 1.7300000190734863281 1.4600000381469726562 1.25 1.2300000190734863281 1.2300000190734863281 1.1799999475479125977 1.1799999475479125977 1.1499999761581420898 1.1599999666213989258
2.2000000476837158203 2.5099999904632568359 2.6700000762939453125 2.7300000190734863281 2.7799999713897705078 2.8299999237060546875 2.8099999427795410156 2.7999999523162841797 2.7799999713897705078 2.7000000476837158203 2.5199999809265136719 2.4000000953674316406 2.2699999809265136719 2.1400001049041748047 2.0799999237060546875 2.0499999523162841797 2.1300001144409179688 2.1800000667572021484 2.1500000953674316406 2.0299999713897705078 1.8999999761581420898 1.9299999475479125977 1.9500000476837158203 1.8400000333786010742 1.8899999856948852539 1.9800000190734863281 2.0599999427795410156 1.9900000095367431641 2 1.7000000476837158203 1.3600000143051147461 1.2100000381469726562 1.1799999475479125977 1.2300000190734863281 1.25 1.2100000381469726562 1.1799999475479125977 1.2200000286102294922 1.1699999570846557617
2.6800000667572021484 2.7400000095367431641 2.7899999618530273438 2.8499999046325683594 2.8699998855590820312 2.8699998855590820312 2.8299999237060546875 2.7999999523162841797 2.7300000190734863281 2.5899999141693115234 2.4300000667572021484 2.2799999713897705078 2.2000000476837158203 2.1400001049041748047 2.0799999237060546875 2.0599999427795410156 2.0799999237060546875 2.1099998950958251953 2.0099999904632568359 1.8500000238418579102 1.7200000286102294922 1.6799999475479125977 1.7200000286102294922 1.629999995231628418 1.4700000286102294922 1.8300000429153442383 1.8600000143051147461 1.7300000190734863281 1.6900000572204589844 1.370000004768371582 1.2799999713897705078 1.2699999809265136719 1.2300000190734863281 1.25 1.25 1.25 1.2400000095367431641 1.2699999809265136719 1.2000000476837158203
-3.4028234663852885981e+38 2.8399999141693115234 2.8299999237060546875 2.8499999046325683594 2.8299999237060546875 2.8399999141693115234 2.7300000190734863281 2.7799999713897705078 2.7000000476837158203 2.5199999809265136719 2.3099999427795410156 2.1600000858306884766 2.2200000286102294922 2.0899999141693115234 2 2.0199999809265136719 1.9500000476837158203 1.9299999475479125977 1.7300000190734863281 1.6900000572204589844 1.6100000143051147461 1.5199999809265136719 1.3999999761581420898 1.3899999856948852539 1.3099999427795410156 1.4299999475479125977 1.5499999523162841797 1.5099999904632568359 1.4700000286102294922 1.2799999713897705078 1.2200000286102294922 1.25 1.2400000095367431641 1.25 1.2699999809265136719 1.25 1.2200000286102294922 1.2100000381469726562 1.1799999475479125977
-3.4028234663852885981e+38 2.8099999427795410156 2.7999999523162841797 2.8199999332427978516 2.7400000095367431641 2.7799999713897705078 2.6600000858306884766 2.7000000476837158203 2.5999999046325683594 2.5299999713897705078 2.2999999523162841797 2.2300000190734863281 2.1199998855590820312 2.0299999713897705078 1.8600000143051147461 1.8600000143051147461 1.8200000524520874023 1.7999999523162841797 1.7300000190734863281 1.5099999904632568359 1.4800000190734863281 1.4299999475479125977 1.3400000333786010742 1.379999995231628418 1.2999999523162841797 1.3899999856948852539 1.4600000381469726562 1.4099999666213989258 1.3500000238418579102 1.25 1.2100000381469726562 1.1900000572204589844 1.2300000190734863281 1.2599999904632568359 1.25 1.2300000190734863281 1.1900000572204589844 1.1599999666213989258 1.1499999761581420898
-3.4028234663852885981e+38 2.7999999523162841797 2.7100000381469726562 2.6099998950958251953 2.5599999427795410156 2.5099999904632568359 2.4400000572204589844 2.4900000095367431641 2.4100000858306884766 2.3800001144409179688 2.4300000667572021484 2.2799999713897705078 2.1500000953674316406 1.9099999666213989258 1.6799999475479125977 1.6000000238418579102 1.620000004768371582 1.5599999427795410156 1.4900000095367431641 1.4900000095367431641 1.4500000476837158203 1.4099999666213989258 1.370000004768371582 1.379999995231628418 1.3999999761581420898 1.4299999475479125977 1.370000004768371582 1.2899999618530273438 1.2400000095367431641 1.1900000572204589844 1.1799999475479125977 1.1599999666213989258 1.1699999570846557617 1.2100000381469726562 1.2000000476837158203 1.1699999570846557617 1.1599999666213989258 1.2000000476837158203 1.2400000095367431641
-3.4028234663852885981e+38 2.6900000572204589844 2.5699999332427978516 2.4400000572204589844 2.4300000667572021484 2.4200000762939453125 2.4300000667572021484 2.3599998950958251953 2.3499999046325683594 2.2200000286102294922 1.9400000572204589844 1.7999999523162841797 1.6399999856948852539 1.4099999666213989258 1.3500000238418579102 1.379999995231628418 1.4299999475479125977 1.4700000286102294922 1.4600000381469726562 1.4900000095367431641 1.4700000286102294922 1.3999999761581420898 1.370000004768371582 1.3899999856948852539 1.4199999570846557617 1.4299999475479125977 1.379999995231628418 1.25 1.2100000381469726562 1.1900000572204589844 1.2000000476837158203 1.1699999570846557617 1.1799999475479125977 1.1900000572204589844 1.1599999666213989258 1.1599999666213989258 1.1799999475479125977 1.2200000286102294922 1.1699999570846557617
-3.4028234663852885981e+38 2.4400000572204589844 2.4300000667572021484 2.3800001144409179688 2.3699998855590820312 2.4600000381469726562 2.3499999046325683594 2.1700000762939453125 2.0399999618530273438 1.7999999523162841797 1.5399999618530273438 1.3899999856948852539 1.3300000429153442383 1.2999999523162841797 1.3200000524520874023 1.370000004768371582 1.4099999666213989258 1.4199999570846557617 1.4500000476837158203 1.5099999904632568359 1.4700000286102294922 1.3899999856948852539 1.3999999761581420898 1.379999995231628418 1.3300000429153442383 1.3600000143051147461 1.4299999475479125977 1.2699999809265136719 1.2200000286102294922 1.2400000095367431641 1.1900000572204589844 1.2000000476837158203 1.1799999475479125977 1.1399999856948852539 1.1499999761581420898 1.1799999475479125977 1.1599999666213989258 1.1900000572204589844 1.1000000238418579102
-3.4028234663852885981e+38 2.4200000762939453125 2.3599998950958251953 2.2999999523162841797 2.25 2.1300001144409179688 1.9400000572204589844 1.7999999523162841797 1.6499999761581420898 1.4800000190734863281 1.379999995231628418 1.3400000333786010742 1.2899999618530273438 1.2699999809265136719 1.3200000524520874023 1.4099999666213989258 1.4199999570846557617 1.4199999570846557617 1.4500000476837158203 1.4500000476837158203 1.4299999475479125977 1.370000004768371582 1.3999999761581420898 1.379999995231628418 1.2999999523162841797 1.2000000476837158203 1.2899999618530273438 1.2899999618530273438 1.2000000476837158203 1.2400000095367431641 1.1799999475479125977 1.1799999475479125977 1.1399999856948852539 1.1599999666213989258 1.1599999666213989258 1.1599999666213989258 1.1599999666213989258 1.1499999761581420898 1.1900000572204589844
-3.4028234663852885981e+38 -3.4028234663852885981e+38 2.25 2.1099998950958251953 1.9099999666213989258 1.870000004768371582 1.879999995231628418 1.7599999904632568359 1.6000000238418579102 1.4400000572204589844 1.3899999856948852539 1.3600000143051147461 1.2799999713897705078 1.2599999904632568359 1.2699999809265136719 1.3600000143051147461 1.4199999570846557617 1.4199999570846557617 1.3999999761581420898 1.3999999761581420898 1.4099999666213989258 1.370000004768371582 1.370000004768371582 1.370000004768371582 1.2300000190734863281 1.1399999856948852539 1.1699999570846557617 1.2400000095367431641 1.2100000381469726562 1.2100000381469726562 1.1699999570846557617 1.129999995231628418 1.1799999475479125977 1.2000000476837158203 1.1799999475479125977 1.129999995231628418 1.1399999856948852539 1.1699999570846557617 1.2000000476837158203
