workspaces/SMF_Calibration_pytRIBS/smf_demo/data/model/soil/InitGW_95pct_mm.asc
ncols        58
nrows        57
xllcorner    393099.188403459499
yllcorner    3685240.524853823707
cellsize     100.000000000000
NODATA_value  -9999
[rows 0 to 39 of 57, columns 0 to 57 of 58]
-9999 -9999 -9999 -9999 -9999 -9999 -9999 -9999 -9999 -9999 -9999 -9999 -9999 -9999 -9999 -9999 -9999 -9999 -9999 -9999 -9999 -9999 -9999 -9999 -9999 -9999 -9999 -9999 -9999 -9999 -9999 -9999 -9999 -9999 -9999 -9999 -9999 -9999 -9999 -9999 -9999 -9999 -9999 -9999 -9999 -9999 -9999 1225.50 1244.50 1282.50 -9999 -9999 -9999 -9999 -9999 -9999 -9999 -9999
-9999 -9999 -9999 -9999 -9999 -9999 -9999 -9999 -9999 -9999 -9999 -9999 -9999 -9999 -9999 -9999 -9999 -9999 -9999 -9999 -9999 -9999 -9999 -9999 -9999 -9999 -9999 -9999 -9999 -9999 -9999 -9999 -9999 -9999 -9999 -9999 -9999 -9999 -9999 -9999 1064.00 1016.50 1007.00 1054.50 1035.50 1045.00 1054.50 1092.50 845.50 845.50 -9999 -9999 -9999 -9999 -9999 -9999 -9999 -9999
-9999 -9999 -9999 -9999 -9999 -9999 -9999 -9999 -9999 -9999 -9999 -9999 -9999 -9999 -9999 -9999 -9999 -9999 -9999 -9999 -9999 -9999 -9999 -9999 -9999 -9999 -9999 -9999 -9999 -9999 -9999 -9999 -9999 -9999 1064.00 836.00 769.50 931.00 959.50 988.00 969.00 940.50 826.50 665.00 551.00 731.50 826.50 817.00 560.50 608.00 -9999 -9999 -9999 -9999 -9999 -9999 -9999 -9999
-9999 -9999 -9999 -9999 -9999 -9999 -9999 -9999 -9999 -9999 -9999 -9999 -9999 -9999 -9999 -9999 -9999 -9999 -9999 -9999 -9999 -9999 -9999 -9999 -9999 -9999 -9999 -9999 1491.50 1377.50 1311.00 1045.00 1026.00 969.00 1035.50 798.00 655.50 684.00 684.00 703.00 579.50 522.50 370.50 190.00 313.50 427.50 532.00 570.00 465.50 456.00 -9999 -9999 -9999 -9999 -9999 -9999 -9999 -9999
-9999 -9999 -9999 -9999 -9999 -9999 -9999 -9999 -9999 -9999 -9999 -9999 -9999 -9999 -9999 -9999 -9999 -9999 -9999 -9999 -9999 1387.00 1472.50 1444.00 1472.50 1520.00 1396.50 1415.50 1358.50 1273.00 1244.50 1016.50 874.00 864.50 779.00 646.00 570.00 484.50 484.50 427.50 275.50 275.50 266.00 180.50 285.00 313.50 408.50 389.50 285.00 380.00 -9999 -9999 -9999 -9999 -9999 -9999 -9999 -9999
-9999 -9999 -9999 -9999 -9999 -9999 -9999 -9999 -9999 -9999 -9999 -9999 -9999 -9999 -9999 1501.00 1415.50 1368.00 1548.50 1463.00 1349.00 1339.50 1444.00 1377.50 1510.50 1491.50 1358.50 1235.00 1187.50 1121.00 1007.00 1016.50 902.50 731.50 532.00 351.50 218.50 152.00 180.50 190.00 180.50 199.50 209.00 313.50 332.50 313.50 351.50 323.00 304.00 332.50 304.00 -9999 -9999 -9999 -9999 -9999 -9999 -9999
-9999 -9999 -9999 -9999 -9999 -9999 -9999 -9999 -9999 1596.00 1634.00 1691.00 1624.50 1529.50 1396.50 1358.50 1339.50 1339.50 1434.50 1434.50 1301.50 1244.50 1273.00 1311.00 1387.00 1330.00 1263.50 1168.50 1178.00 1130.50 969.00 845.50 807.50 551.00 285.00 161.50 114.00 114.00 152.00 171.00 152.00 161.50 266.00 370.50 361.00 418.00 351.50 275.50 218.50 199.50 180.50 -9999 -9999 -9999 -9999 -9999 -9999 -9999
-9999 -9999 931.00 969.00 912.00 836.00 978.50 1254.00 1444.00 1643.50 1624.50 1605.50 1491.50 1415.50 1254.00 1225.50 1254.00 1263.50 1339.50 1377.50 1311.00 1244.50 1149.50 1130.50 1092.50 1168.50 1263.50 1225.50 1083.00 959.50 855.00 665.00 532.00 361.00 161.50 85.50 95.00 152.00 180.50 190.00 171.00 180.50 209.00 247.00 323.00 370.50 342.00 294.50 228.00 180.50 209.00 -9999 -9999 -9999 -9999 -9999 -9999 -9999
684.00 988.00 1235.00 1358.50 1387.00 1396.50 1501.00 1634.00 1653.00 1672.00 1586.50 1491.50 1377.50 1206.50 1083.00 1083.00 1130.50 1178.00 1168.50 1206.50 1187.50 1159.00 1073.50 997.50 1111.50 1187.50 1149.50 1121.00 1054.50 874.00 693.50 437.00 237.50 218.50 218.50 171.00 171.00 142.50 152.00 180.50 199.50 190.00 161.50 180.50 209.00 199.50 275.50 266.00 180.50 161.50 228.00 -9999 -9999 -9999 -9999 -9999 -9999 -9999
1140.00 1434.50 1586.50 1643.50 1691.00 1738.50 1719.50 1710.00 1691.00 1615.00 1444.00 1330.00 1206.50 1083.00 1026.00 997.50 1073.50 1121.00 1092.50 978.50 855.00 883.50 902.50 798.00 845.50 931.00 1007.00 940.50 950.00 665.00 342.00 199.50 171.00 218.50 237.50 199.50 171.00 209.00 161.50 180.50 209.00 171.00 180.50 190.00 190.00 152.00 171.00 161.50 237.50 199.50 180.50 -9999 -9999 -9999 -9999 -9999 -9999 -9999
1596.00 1653.00 1700.50 1757.50 1776.50 1776.50 1738.50 1710.00 1643.50 1510.50 1358.50 1216.00 1140.00 1083.00 1026.00 1007.00 1026.00 1054.50 959.50 807.50 684.00 646.00 684.00 598.50 446.50 788.50 817.00 693.50 655.50 351.50 266.00 256.50 218.50 237.50 237.50 237.50 228.00 256.50 190.00 190.00 180.50 199.50 190.00 180.50 152.00 133.00 152.00 171.00 247.00 275.50 247.00 -9999 -9999 -9999 -9999 -9999 -9999 -9999
-9999 1748.00 1738.50 1757.50 1738.50 1748.00 1643.50 1691.00 1615.00 1444.00 1244.50 1102.00 1159.00 1035.50 950.00 969.00 902.50 883.50 693.50 655.50 579.50 494.00 380.00 370.50 294.50 408.50 522.50 484.50 446.50 266.00 209.00 237.50 228.00 237.50 256.50 237.50 209.00 199.50 171.00 171.00 161.50 171.00 180.50 190.00 190.00 161.50 171.00 237.50 285.00 237.50 218.50 228.00 -9999 -9999 -9999 -9999 -9999 -9999
-9999 1719.50 1710.00 1729.00 1653.00 1691.00 1577.00 1615.00 1520.00 1453.50 1235.00 1168.50 1064.00 978.50 817.00 817.00 779.00 760.00 693.50 484.50 456.00 408.50 323.00 361.00 285.00 370.50 437.00 389.50 332.50 237.50 199.50 180.50 218.50 247.00 237.50 218.50 180.50 152.00 142.50 171.00 199.50 199.50 180.50 218.50 199.50 199.50 228.00 228.00 275.50 228.00 218.50 285.00 -9999 -9999 -9999 -9999 -9999 -9999
-9999 1710.00 1624.50 1529.50 1482.00 1434.50 1368.00 1415.50 1339.50 1311.00 1358.50 1216.00 1092.50 864.50 646.00 570.00 589.00 532.00 465.50 465.50 427.50 389.50 351.50 361.00 380.00 408.50 351.50 275.50 228.00 180.50 171.00 152.00 161.50 199.50 190.00 161.50 152.00 190.00 228.00 228.00 171.00 171.00 142.50 161.50 180.50 228.00 266.00 228.00 247.00 266.00 361.00 427.50 -9999 -9999 -9999 -9999 -9999 -9999
-9999 1605.50 1491.50 1368.00 1358.50 1349.00 1358.50 1292.00 1282.50 1159.00 893.00 760.00 608.00 389.50 332.50 361.00 408.50 446.50 437.00 465.50 446.50 380.00 351.50 370.50 399.00 408.50 361.00 237.50 199.50 180.50 190.00 161.50 171.00 180.50 152.00 152.00 171.00 209.00 161.50 161.50 133.00 133.00 133.00 85.50 171.00 228.00 304.00 323.00 361.00 323.00 342.00 408.50 -9999 -9999 -9999 -9999 -9999 -9999
-9999 1368.00 1358.50 1311.00 1301.50 1387.00 1282.50 1111.50 988.00 760.00 513.00 370.50 313.50 285.00 304.00 351.50 389.50 399.00 427.50 484.50 446.50 370.50 380.00 361.00 313.50 342.00 408.50 256.50 209.00 228.00 180.50 190.00 171.00 133.00 142.50 171.00 152.00 180.50 95.00 133.00 171.00 171.00 237.50 152.00 171.00 247.00 342.00 408.50 456.00 494.00 579.50 570.00 -9999 -9999 -9999 -9999 -9999 -9999
-9999 1349.00 1292.00 1235.00 1187.50 1073.50 893.00 760.00 617.50 456.00 361.00 323.00 275.50 256.50 304.00 389.50 399.00 399.00 427.50 427.50 408.50 351.50 380.00 361.00 285.00 190.00 275.50 275.50 190.00 228.00 171.00 171.00 133.00 152.00 152.00 152.00 152.00 142.50 180.50 171.00 228.00 171.00 275.50 247.00 294.50 332.50 389.50 456.00 560.50 522.50 560.50 693.50 -9999 -9999 -9999 -9999 -9999 -9999
-9999 -9999 1187.50 1054.50 864.50 826.50 836.00 722.00 570.00 418.00 370.50 342.00 266.00 247.00 256.50 342.00 399.00 399.00 380.00 380.00 389.50 351.50 351.50 351.50 218.50 133.00 161.50 228.00 199.50 199.50 161.50 123.50 171.00 190.00 171.00 123.50 133.00 161.50 190.00 190.00 237.50 218.50 285.00 266.00 294.50 465.50 579.50 598.50 693.50 655.50 684.00 845.50 912.00 -9999 -9999 -9999 -9999 -9999
-9999 -9999 1130.50 779.00 598.50 655.50 807.50 769.50 579.50 389.50 389.50 304.00 285.00 285.00 256.50 256.50 294.50 294.50 380.00 313.50 332.50 304.00 275.50 228.00 237.50 171.00 133.00 171.00 171.00 190.00 171.00 190.00 256.50 228.00 171.00 114.00 161.50 247.00 275.50 247.00 275.50 342.00 332.50 399.00 551.00 722.00 788.50 684.00 636.50 693.50 855.00 950.00 950.00 -9999 -9999 -9999 -9999 -9999
-9999 -9999 959.50 541.50 380.00 389.50 589.00 741.00 513.00 389.50 351.50 285.00 228.00 266.00 266.00 275.50 256.50 247.00 228.00 228.00 228.00 228.00 199.50 190.00 152.00 142.50 171.00 171.00 161.50 180.50 228.00 218.50 209.00 237.50 190.00 142.50 180.50 218.50 256.50 323.00 342.00 408.50 456.00 551.00 779.00 807.50 760.00 636.50 655.50 760.00 1007.00 969.00 855.00 -9999 -9999 -9999 -9999 -9999
-9999 -9999 665.00 380.00 342.00 323.00 332.50 551.00 408.50 351.50 323.00 256.50 237.50 266.00 275.50 266.00 237.50 228.00 247.00 218.50 199.50 199.50 209.00 209.00 190.00 161.50 152.00 199.50 228.00 180.50 199.50 180.50 190.00 237.50 218.50 218.50 218.50 237.50 361.00 503.50 437.00 494.00 541.50 627.00 703.00 750.50 731.50 646.00 627.00 959.50 1035.50 874.00 598.50 -9999 -9999 -9999 -9999 -9999
-9999 -9999 456.00 323.00 323.00 323.00 408.50 475.00 380.00 304.00 285.00 256.50 275.50 285.00 275.50 247.00 218.50 218.50 190.00 180.50 190.00 190.00 247.00 228.00 180.50 180.50 209.00 218.50 247.00 180.50 218.50 190.00 180.50 237.50 266.00 275.50 266.00 237.50 380.00 541.50 608.00 617.50 693.50 703.00 845.50 760.00 807.50 817.00 684.00 646.00 570.00 541.50 513.00 -9999 -9999 -9999 -9999 -9999
-9999 -9999 294.50 323.00 446.50 522.50 541.50 427.50 313.50 294.50 294.50 266.00 256.50 275.50 266.00 228.00 237.50 237.50 199.50 152.00 171.00 190.00 266.00 266.00 275.50 304.00 256.50 180.50 199.50 142.50 237.50 190.00 180.50 275.50 275.50 313.50 361.00 370.50 465.50 532.00 760.00 722.00 779.00 864.50 950.00 950.00 845.50 731.50 598.50 503.50 465.50 380.00 389.50 -9999 -9999 -9999 -9999 -9999
-9999 -9999 -9999 332.50 484.50 617.50 513.00 304.00 256.50 256.50 285.00 266.00 266.00 266.00 237.50 180.50 180.50 199.50 275.50 190.00 199.50 237.50 266.00 247.00 285.00 228.00 247.00 199.50 228.00 190.00 247.00 256.50 218.50 304.00 256.50 313.50 418.00 532.00 570.00 560.50 779.00 883.50 959.50 902.50 769.50 693.50 560.50 456.00 351.50 313.50 332.50 294.50 266.00 275.50 -9999 -9999 -9999 -9999
-9999 -9999 -9999 418.00 522.50 484.50 484.50 294.50 228.00 218.50 285.00 285.00 247.00 256.50 218.50 190.00 142.50 190.00 190.00 228.00 237.50 228.00 228.00 218.50 152.00 199.50 256.50 247.00 266.00 266.00 332.50 332.50 304.00 323.00 313.50 351.50 437.00 494.00 760.00 836.00 874.00 883.50 760.00 608.00 437.00 389.50 408.50 294.50 218.50 180.50 190.00 171.00 152.00 152.00 -9999 -9999 -9999 -9999
-9999 -9999 -9999 522.50 427.50 256.50 275.50 323.00 266.00 228.00 285.00 228.00 190.00 247.00 228.00 180.50 152.00 190.00 209.00 199.50 180.50 180.50 190.00 209.00 152.00 171.00 228.00 256.50 294.50 342.00 361.00 342.00 380.00 389.50 427.50 475.00 532.00 712.50 902.50 874.00 769.50 617.50 399.00 275.50 218.50 256.50 313.50 161.50 76.00 76.00 66.50 66.50 47.50 38.00 -9999 -9999 -9999 -9999
-9999 -9999 -9999 418.00 294.50 237.50 247.00 218.50 247.00 256.50 275.50 209.00 199.50 247.00 237.50 209.00 190.00 190.00 161.50 190.00 161.50 152.00 161.50 190.00 199.50 209.00 228.00 228.00 275.50 361.00 465.50 551.00 589.00 589.00 598.50 674.50 731.50 760.00 807.50 598.50 408.50 275.50 161.50 114.00 152.00 123.50 114.00 123.50 9.50 66.50 28.50 38.00 47.50 38.00 -9999 -9999 -9999 -9999
-9999 -9999 -9999 304.00 237.50 218.50 199.50 199.50 218.50 237.50 228.00 228.00 228.00 228.00 247.00 237.50 180.50 161.50 171.00 209.00 190.00 161.50 161.50 190.00 237.50 266.00 256.50 247.00 275.50 361.00 532.00 636.50 750.50 769.50 788.50 703.00 665.00 608.00 475.00 304.00 152.00 152.00 114.00 152.00 66.50 57.00 38.00 123.50 76.00 66.50 19.00 9.50 57.00 76.00 -9999 -9999 -9999 -9999
-9999 -9999 -9999 256.50 247.00 237.50 209.00 209.00 209.00 199.50 199.50 228.00 285.00 285.00 256.50 199.50 180.50 218.50 228.00 228.00 237.50 228.00 218.50 228.00 275.50 266.00 304.00 304.00 361.00 427.50 541.50 646.00 883.50 893.00 731.50 522.50 380.00 351.50 247.00 180.50 123.50 190.00 171.00 133.00 123.50 95.00 76.00 85.50 133.00 123.50 104.50 57.00 95.00 190.00 -9999 -9999 -9999 -9999
-9999 -9999 -9999 -9999 228.00 199.50 180.50 190.00 190.00 190.00 237.50 294.50 237.50 218.50 218.50 209.00 237.50 218.50 190.00 266.00 285.00 294.50 275.50 323.00 294.50 275.50 323.00 370.50 494.00 513.00 636.50 731.50 741.00 598.50 399.00 294.50 237.50 180.50 142.50 114.00 133.00 171.00 133.00 133.00 152.00 123.50 104.50 85.50 114.00 95.00 114.00 142.50 152.00 190.00 -9999 -9999 -9999 -9999
-9999 -9999 -9999 -9999 199.50 171.00 171.00 218.50 218.50 209.00 199.50 228.00 199.50 190.00 209.00 237.50 266.00 275.50 266.00 294.50 313.50 361.00 323.00 380.00 370.50 408.50 418.00 456.00 579.50 617.50 779.00 655.50 522.50 370.50 275.50 218.50 199.50 142.50 142.50 142.50 123.50 114.00 123.50 161.50 171.00 123.50 114.00 104.50 95.00 76.00 95.00 142.50 104.50 123.50 142.50 -9999 -9999 -9999
-9999 -9999 -9999 -9999 190.00 190.00 218.50 256.50 199.50 190.00 171.00 190.00 228.00 180.50 237.50 275.50 294.50 342.00 332.50 370.50 351.50 408.50 418.00 427.50 437.00 494.00 560.50 665.00 769.50 674.50 560.50 475.00 294.50 237.50 228.00 171.00 142.50 152.00 152.00 142.50 123.50 104.50 114.00 123.50 123.50 142.50 171.00 171.00 142.50 180.50 180.50 161.50 85.50 133.00 142.50 -9999 -9999 -9999
-9999 -9999 -9999 -9999 218.50 199.50 209.00 218.50 209.00 199.50 237.50 247.00 266.00 275.50 332.50 351.50 380.00 427.50 408.50 465.50 465.50 465.50 465.50 579.50 731.50 788.50 788.50 855.00 760.00 560.50 408.50 237.50 171.00 209.00 199.50 142.50 123.50 114.00 142.50 161.50 123.50 123.50 85.50 104.50 152.00 190.00 237.50 209.00 247.00 266.00 199.50 171.00 85.50 142.50 123.50 -9999 -9999 -9999
-9999 -9999 -9999 -9999 228.00 228.00 218.50 237.50 266.00 266.00 266.00 294.50 351.50 370.50 427.50 465.50 465.50 484.50 513.00 532.00 503.50 465.50 541.50 807.50 1045.00 1045.00 855.00 655.50 475.00 380.00 313.50 199.50 171.00 171.00 152.00 152.00 152.00 142.50 123.50 171.00 171.00 190.00 123.50 85.50 123.50 180.50 190.00 171.00 228.00 209.00 228.00 171.00 123.50 171.00 123.50 -9999 -9999 -9999
-9999 -9999 -9999 -9999 332.50 275.50 247.00 285.00 313.50 342.00 380.00 446.50 465.50 456.00 541.50 589.00 560.50 579.50 598.50 684.00 684.00 636.50 769.50 978.50 959.50 646.00 475.00 408.50 313.50 285.00 228.00 228.00 171.00 114.00 142.50 133.00 114.00 114.00 104.50 228.00 218.50 237.50 190.00 228.00 209.00 180.50 152.00 123.50 123.50 133.00 171.00 180.50 161.50 180.50 199.50 -9999 -9999 -9999
-9999 -9999 -9999 -9999 351.50 342.00 361.00 408.50 418.00 418.00 465.50 541.50 579.50 655.50 722.00 750.50 712.50 693.50 760.00 893.00 893.00 893.00 950.00 921.50 655.50 399.00 351.50 342.00 266.00 190.00 218.50 256.50 161.50 142.50 142.50 114.00 152.00 199.50 209.00 275.50 209.00 199.50 171.00 171.00 218.50 199.50 133.00 133.00 123.50 142.50 161.50 180.50 171.00 218.50 266.00 -9999 -9999 -9999
-9999 -9999 -9999 -9999 -9999 655.50 551.00 589.00 541.50 598.50 693.50 760.00 788.50 769.50 788.50 883.50 855.00 864.50 959.50 1016.50 969.00 959.50 798.00 608.00 323.00 285.00 323.00 285.00 275.50 228.00 199.50 180.50 133.00 133.00 142.50 171.00 209.00 171.00 152.00 152.00 133.00 142.50 142.50 171.00 209.00 180.50 161.50 142.50 152.00 152.00 142.50 190.00 247.00 285.00 351.50 389.50 -9999 -9999
-9999 -9999 -9999 -9999 -9999 1026.00 1045.00 997.50 912.00 893.00 959.50 1035.50 997.50 969.00 950.00 978.50 959.50 940.50 997.50 1083.00 950.00 779.00 446.50 304.00 237.50 247.00 247.00 247.00 228.00 218.50 180.50 142.50 104.50 171.00 190.00 190.00 180.50 142.50 161.50 180.50 133.00 114.00 161.50 180.50 180.50 190.00 190.00 142.50 180.50 199.50 142.50 218.50 294.50 313.50 332.50 275.50 -9999 -9999
-9999 -9999 -9999 -9999 -9999 1045.00 1007.00 988.00 1026.00 1016.50 1016.50 1045.00 1007.00 1035.50 1016.50 978.50 988.00 978.50 893.00 864.50 636.50 456.00 275.50 199.50 199.50 199.50 190.00 180.50 161.50 152.00 142.50 133.00 180.50 247.00 209.00 171.00 142.50 123.50 142.50 171.00 133.00 104.50 133.00 161.50 199.50 190.00 190.00 171.00 180.50 218.50 218.50 313.50 332.50 323.00 266.00 152.00 -9999 -9999
-9999 -9999 -9999 -9999 -9999 1026.00 1045.00 1035.50 1054.50 1026.00 1035.50 1073.50 1045.00 1016.50 997.50 969.00 950.00 836.00 665.00 494.00 361.00 285.00 228.00 180.50 142.50 123.50 142.50 152.00 152.00 180.50 209.00 218.50 228.00 218.50 209.00 209.00 228.00 199.50 171.00 161.50 142.50 114.00 104.50 161.50 104.50 104.50 123.50 209.00 180.50 285.00 313.50 342.00 361.00 285.00 256.50 171.00 -9999 -9999
